Voltage_measured,Current_measured,Temperature_measured,Current_charge,Voltage_charge,Time,id_cycle,type,ambient_temperature,time
3.720691542434855,-0.0014831692778205336,5.260760355355014,0.0,0.003,0.0,90,charge,4,2010.0
3.9968266847977842,1.511739299473558,5.2721046836204835,1.5,4.748,2.5939999999999976,90,charge,4,2010.0
4.01056338357807,1.5077404361204232,5.299693997824422,1.5,4.785,8.030999999999999,90,charge,4,2010.0
4.02034196875419,1.506703370882227,5.310815427202764,1.498,4.791,13.405999999999999,90,charge,4,2010.0
4.028900546424975,1.5114794226140107,5.334524237974997,1.498,4.796,18.781000000000002,90,charge,4,2010.0
4.036142719793053,1.5105998918002428,5.365060778950288,1.5,4.802,24.172,90,charge,4,2010.0
4.04324813033405,1.5109009722393876,5.375564514383788,1.498,4.807,29.547,90,charge,4,2010.0
4.049559447247277,1.5105428532200986,5.3853619351057445,1.5,4.812,34.968999999999994,90,charge,4,2010.0
4.055426067674031,1.5107655085944292,5.396227243908718,1.5,4.818,40.358999999999995,90,charge,4,2010.0
4.0609955363390435,1.5102019997043312,5.426325204337198,1.5,4.823,45.75,90,charge,4,2010.0
4.0662711905387265,1.5121040157759291,5.469773796789931,1.5,4.829,51.125,90,charge,4,2010.0
4.07124221726997,1.5109234029366372,5.472108907371594,1.5,4.834,56.483999999999995,90,charge,4,2010.0
4.076006868766284,1.5091903217468745,5.5178138382096265,1.5,4.839,61.843999999999994,90,charge,4,2010.0
4.080571787642886,1.5097619427642595,5.5696215962278455,1.498,4.845,67.219,90,charge,4,2010.0
4.085011979225408,1.5098408838257684,5.580448647906013,1.5,4.85,72.64099999999999,90,charge,4,2010.0
4.089259714291461,1.5113123891128522,5.58974814130865,1.5,4.85,78.016,90,charge,4,2010.0
4.093144484548493,1.5101841529158682,5.594060318129891,1.5,4.856,83.391,90,charge,4,2010.0
4.097239631851,1.5100995392318595,5.621765161556187,1.5,4.861,88.734,90,charge,4,2010.0
4.100849791434008,1.5094112185205266,5.66449932674092,1.5,4.861,94.109,90,charge,4,2010.0
4.10450685504654,1.5096900440021306,5.699662600385973,1.498,4.866,99.453,90,charge,4,2010.0
4.108099594603861,1.5117542966318118,5.701785570410115,1.5,4.872,104.813,90,charge,4,2010.0
4.111439383177424,1.509633528359386,5.717727844927214,1.5,4.877,110.203,90,charge,4,2010.0
4.114680075406718,1.5116458259997492,5.749782853288592,1.5,4.877,115.547,90,charge,4,2010.0
4.117648369449268,1.5111289333070008,5.787472894970397,1.498,4.883,120.906,90,charge,4,2010.0
4.120713126940771,1.510054594597089,5.82883549998928,1.5,4.883,126.26599999999999,90,charge,4,2010.0
4.1236123370393685,1.5122165895982818,5.834272948476675,1.5,4.888,131.609,90,charge,4,2010.0
4.126186550057016,1.5099616442522157,5.853039965244922,1.5,4.888,136.953,90,charge,4,2010.0
4.128869332831871,1.512665555710462,5.88474562130058,1.5,4.893,142.313,90,charge,4,2010.0
4.131487830429711,1.5105593042668717,5.92692710749729,1.5,4.893,147.656,90,charge,4,2010.0
4.133832687263364,1.5119858572096847,5.945773114665298,1.498,4.899,153.094,90,charge,4,2010.0
4.136323951437115,1.5096063497547685,5.962953692384866,1.5,4.899,158.453,90,charge,4,2010.0
4.13865128176084,1.5099286973975496,5.986029251179958,1.5,4.899,163.797,90,charge,4,2010.0
4.140632704456472,1.5120453589494562,6.009322481078138,1.498,4.904,169.156,90,charge,4,2010.0
4.142686848766312,1.513348478115535,6.044744300120286,1.5,4.904,174.516,90,charge,4,2010.0
4.144642124164304,1.5125448845145848,6.06386316963649,1.5,4.91,179.875,90,charge,4,2010.0
4.146624430851783,1.50941413821798,6.081382332468615,1.5,4.91,185.203,90,charge,4,2010.0
4.148636348679499,1.508565208065875,6.126996982210431,1.498,4.91,190.594,90,charge,4,2010.0
4.150376017661315,1.5095508263214645,6.152662001367903,1.5,4.915,195.953,90,charge,4,2010.0
4.152019733450398,1.509588210885188,6.178227374598973,1.498,4.915,201.313,90,charge,4,2010.0
4.153668295905251,1.5094246966635048,6.201825705286967,1.5,4.915,206.672,90,charge,4,2010.0
4.155315596911162,1.5121191845259752,6.226649623179087,1.5,4.921,212.01600000000002,90,charge,4,2010.0
4.156646414915229,1.5118284638066797,6.261675717421786,1.5,4.921,217.35899999999998,90,charge,4,2010.0
4.158083023013821,1.5110190265168468,6.29397958700528,1.5,4.921,222.719,90,charge,4,2010.0
4.159378633640182,1.510797118793321,6.311758797282365,1.5,4.921,228.063,90,charge,4,2010.0
4.160711725474262,1.5106043691504771,6.347273169402392,1.498,4.926,233.422,90,charge,4,2010.0
4.162279695292487,1.5134414983836462,6.376002086496301,1.5,4.926,238.766,90,charge,4,2010.0
4.163493754178969,1.5135405064338219,6.396089515747031,1.5,4.926,244.125,90,charge,4,2010.0
4.164605303105689,1.5116890907472273,6.417683441156457,1.498,4.926,249.469,90,charge,4,2010.0
4.165901808194425,1.5120103040822022,6.439167666706621,1.5,4.926,254.813,90,charge,4,2010.0
4.166979588060935,1.512114654606818,6.466631506995415,1.5,4.926,260.156,90,charge,4,2010.0
4.16810969083327,1.5113017358155616,6.491523751338517,1.5,4.931,265.516,90,charge,4,2010.0
4.168987711313666,1.511968990644859,6.529288979942585,1.5,4.931,270.859,90,charge,4,2010.0
4.170045609545269,1.5089168647420095,6.564582037616088,1.5,4.931,276.203,90,charge,4,2010.0
4.171119360975906,1.510257138446252,6.590023671557547,1.5,4.931,281.547,90,charge,4,2010.0
4.171939945291081,1.511331439269937,6.582764459680565,1.498,4.931,286.922,90,charge,4,2010.0
4.172891567801599,1.5090991348345826,6.605660162331926,1.5,4.937,292.266,90,charge,4,2010.0
4.173963888901776,1.5073899892067515,6.623891700835665,1.498,4.937,297.625,90,charge,4,2010.0
4.1746926425102195,1.5096932993471621,6.643648865946533,1.5,4.937,302.969,90,charge,4,2010.0
4.175671720255834,1.5085864840761714,6.686944485483142,1.5,4.937,308.313,90,charge,4,2010.0
4.176739409770922,1.507959861677715,6.713370979504966,1.498,4.937,313.656,90,charge,4,2010.0
4.177595589685522,1.5089056784915669,6.7541655139581955,1.5,4.937,319.031,90,charge,4,2010.0
4.1783037877569384,1.5111795093950546,6.775803634807877,1.5,4.942,324.391,90,charge,4,2010.0
4.179284600484594,1.5102621056337184,6.767023383260187,1.5,4.942,329.719,90,charge,4,2010.0
4.180146598333086,1.5104136465864948,6.798782578691814,1.5,4.942,335.063,90,charge,4,2010.0
4.180834703970424,1.5102745268228652,6.807570080670034,1.5,4.942,340.406,90,charge,4,2010.0
4.181447767146756,1.50953732869232,6.834146601074435,1.5,4.942,345.75,90,charge,4,2010.0
4.182517019251202,1.5063764945467766,6.882362670989249,1.5,4.942,351.094,90,charge,4,2010.0
4.183085073939131,1.5111494669912948,6.899076616410407,1.5,4.942,356.438,90,charge,4,2010.0
4.184070910407243,1.5112874642663865,6.916682215008368,1.5,4.948,361.797,90,charge,4,2010.0
4.184945266344836,1.5088672044399414,6.935059879949874,1.5,4.942,367.188,90,charge,4,2010.0
4.185599132543166,1.5118747926522291,6.971428822755239,1.5,4.948,372.531,90,charge,4,2010.0
4.18620272049664,1.5108600531199687,6.982848647107576,1.498,4.948,377.875,90,charge,4,2010.0
4.186974649099788,1.5084117258186274,7.000016518656976,1.498,4.948,383.219,90,charge,4,2010.0
4.187536448773558,1.5120942228970349,7.03423459220882,1.5,4.948,388.578,90,charge,4,2010.0
4.188250302938886,1.5114505139850356,7.048911097980785,1.5,4.948,393.922,90,charge,4,2010.0
4.18900253134025,1.5107043750812432,7.048299703121011,1.5,4.948,399.266,90,charge,4,2010.0
4.1896997728616405,1.5106237090342338,7.0677975201670495,1.5,4.948,404.609,90,charge,4,2010.0
4.190402890462845,1.5101218709735709,7.077196283179466,1.5,4.953,409.953,90,charge,4,2010.0
4.191149146055908,1.5117144507943063,7.116397857223399,1.5,4.953,415.281,90,charge,4,2010.0
4.191864772309146,1.5096581450044502,7.147692876238996,1.5,4.953,420.625,90,charge,4,2010.0
4.192409524266653,1.510307616764826,7.171817110276543,1.5,4.953,425.969,90,charge,4,2010.0
4.193029406884564,1.5101329039988032,7.1786134570563895,1.5,4.953,431.313,90,charge,4,2010.0
4.193754807664426,1.5107517573189395,7.194739205024976,1.5,4.953,436.656,90,charge,4,2010.0
4.194395543046026,1.510334232840793,7.230251352142884,1.5,4.953,442.0,90,charge,4,2010.0
4.195076017751972,1.5095294904177243,7.246775479789095,1.498,4.958,447.359,90,charge,4,2010.0
4.19597142434548,1.510799816609551,7.278556205311898,1.5,4.958,452.719,90,charge,4,2010.0
4.196606545554448,1.508656930371104,7.29842867203462,1.5,4.958,458.063,90,charge,4,2010.0
4.197293180995611,1.5118875340986124,7.308529614822358,1.5,4.958,463.406,90,charge,4,2010.0
4.198063933807881,1.5116616689877878,7.32001984938337,1.5,4.958,468.75,90,charge,4,2010.0
4.1986223914146885,1.5096294615006511,7.348031954795935,1.5,4.958,474.109,90,charge,4,2010.0
4.199234981605077,1.513620057147402,7.392500573948329,1.5,4.958,479.438,90,charge,4,2010.0
4.199930539712726,1.5106651387606471,7.39222641651832,1.5,4.958,484.781,90,charge,4,2010.0
4.200541402471378,1.5111294669874733,7.391556192140767,1.5,4.958,490.125,90,charge,4,2010.0
4.200878611555295,1.5080755828900392,7.399400505797467,1.497,4.958,495.828,90,charge,4,2010.0
4.201302858843355,1.506869531375884,7.420221419809071,1.496,4.958,501.313,90,charge,4,2010.0
4.201737451343169,1.505231196793737,7.450725792282208,1.496,4.958,506.766,90,charge,4,2010.0
4.20219418030429,1.5045008032015903,7.470250479033428,1.494,4.958,512.266,90,charge,4,2010.0
4.202684396042675,1.503527897971845,7.490999317896322,1.493,4.958,517.734,90,charge,4,2010.0
4.203449714693041,1.5058701627754543,7.493778393224485,1.493,4.958,523.219,90,charge,4,2010.0
4.203808901091655,1.504255182575334,7.5273221159420665,1.492,4.958,528.688,90,charge,4,2010.0
4.204340403321363,1.502841176509215,7.545854390069205,1.49,4.958,534.188,90,charge,4,2010.0
4.204694646954672,1.4998190862321934,7.546319889882576,1.489,4.958,539.656,90,charge,4,2010.0
4.205188281018587,1.5001866739660301,7.55807533110709,1.489,4.958,545.094,90,charge,4,2010.0
4.205614027600679,1.5004872113674745,7.559195595178273,1.488,4.958,550.594,90,charge,4,2010.0
4.204633062460793,1.4903149194691994,7.599806229697708,1.479,4.953,556.063,90,charge,4,2010.0
4.20514860161059,1.4899382039736018,7.626410124569765,1.478,4.953,561.625,90,charge,4,2010.0
4.205396540114841,1.490208915687847,7.64253581393589,1.477,4.953,567.078,90,charge,4,2010.0
4.205902729760087,1.4878903172815081,7.650320049314887,1.477,4.953,572.547,90,charge,4,2010.0
4.204924643151681,1.4783882074751544,7.665454567764247,1.469,4.948,578.016,90,charge,4,2010.0
4.205373336818222,1.478890511604183,7.711307134490769,1.467,4.948,583.5,90,charge,4,2010.0
4.205606864919003,1.4783489340974174,7.7171904269277904,1.467,4.948,588.953,90,charge,4,2010.0
4.205899411905911,1.4769650707473698,7.725835678494188,1.467,4.948,594.438,90,charge,4,2010.0
4.206443279645893,1.4755708375207723,7.727294605451477,1.466,4.948,599.953,90,charge,4,2010.0
4.206618095835213,1.4758824499346668,7.7321746538217795,1.464,4.948,605.375,90,charge,4,2010.0
4.2058870907185115,1.4676212119710712,7.74761284935991,1.456,4.942,610.906,90,charge,4,2010.0
4.204449983687599,1.455807677949173,7.77584027740271,1.447,4.937,616.375,90,charge,4,2010.0
4.204767549124834,1.4570251924385036,7.781481047435242,1.445,4.937,621.875,90,charge,4,2010.0
4.2051320339079705,1.4547476514503854,7.796045099433705,1.445,4.937,627.313,90,charge,4,2010.0
4.205493359700754,1.4555113246052882,7.805125578230662,1.445,4.937,632.797,90,charge,4,2010.0
4.205888362906721,1.455036722367443,7.839494556540249,1.444,4.937,638.266,90,charge,4,2010.0
4.204910231385712,1.445604274475111,7.841993592603914,1.435,4.931,643.734,90,charge,4,2010.0
4.205217198533768,1.4472413360043044,7.84384222038622,1.435,4.931,649.219,90,charge,4,2010.0
4.2055937431780395,1.44328681484369,7.872648589686764,1.435,4.931,654.672,90,charge,4,2010.0
4.204439752594247,1.4369005120631029,7.9039244732166996,1.425,4.926,660.156,90,charge,4,2010.0
4.204870083193643,1.4378834562362353,7.891045798352918,1.425,4.926,665.594,90,charge,4,2010.0
4.205045403814581,1.4346452379196117,7.906673988385395,1.425,4.926,671.063,90,charge,4,2010.0
4.205484022882537,1.4330469552309437,7.919895836842171,1.424,4.926,676.5,90,charge,4,2010.0
4.20577639568816,1.432778819155138,7.944565069229609,1.422,4.926,682.0,90,charge,4,2010.0
4.20475852338865,1.4265176135742823,7.955634278612814,1.414,4.921,687.484,90,charge,4,2010.0
4.20502796973518,1.4228352034923353,7.988648634948682,1.414,4.921,692.984,90,charge,4,2010.0
4.205339377336132,1.4218724899816135,8.014342066534084,1.413,4.921,698.438,90,charge,4,2010.0
4.205736145946923,1.4218944544527603,8.00303233829913,1.413,4.921,703.875,90,charge,4,2010.0
4.20619584183945,1.4219388005278515,8.03939695833849,1.411,4.921,709.703,90,charge,4,2010.0
4.206454501752114,1.4218540696715627,8.050394759616681,1.411,4.921,715.313,90,charge,4,2010.0
4.207089857921097,1.4220042848438788,8.056673312682818,1.41,4.921,720.875,90,charge,4,2010.0
4.2056639881256,1.4100754682267922,8.060748395230696,1.402,4.915,726.828,90,charge,4,2010.0
4.20479377304446,1.4023959885244897,8.092547101969874,1.392,4.91,732.547,90,charge,4,2010.0
4.2049389755128646,1.4041242946551848,8.10532218883902,1.392,4.91,738.25,90,charge,4,2010.0
4.205340013419095,1.4003910758744003,8.121641087222146,1.391,4.91,743.953,90,charge,4,2010.0
4.2057017780838155,1.4052443545210622,8.108180165993238,1.391,4.91,749.641,90,charge,4,2010.0
4.206091644034783,1.4014207820372286,8.135364877200496,1.39,4.91,755.328,90,charge,4,2010.0
4.206566048059041,1.4026826968748916,8.15164112789424,1.39,4.91,761.031,90,charge,4,2010.0
4.205453371722671,1.390754058798586,8.142741322503385,1.38,4.904,766.75,90,charge,4,2010.0
4.205758060255848,1.3906400864069857,8.157800697970831,1.38,4.904,772.438,90,charge,4,2010.0
4.204789456475043,1.38133202500624,8.167232597046876,1.371,4.899,778.156,90,charge,4,2010.0
4.2049225439790625,1.3805586655119213,8.191213857385655,1.371,4.899,783.859,90,charge,4,2010.0
4.205388071727568,1.3795235587993475,8.208708837773218,1.371,4.899,789.672,90,charge,4,2010.0
4.205631163938527,1.3810124464140594,8.21237006815279,1.369,4.899,795.375,90,charge,4,2010.0
4.206255368862501,1.3814302995997174,8.226091472884743,1.368,4.899,801.078,90,charge,4,2010.0
4.206491618764134,1.376248975469322,8.232128186775071,1.368,4.899,806.766,90,charge,4,2010.0
4.206801555491127,1.3781678257858307,8.24732804221602,1.367,4.899,812.453,90,charge,4,2010.0
4.205761692715076,1.3680593800789456,8.26089029350302,1.358,4.893,818.172,90,charge,4,2010.0
4.2045786205156785,1.360696514268658,8.255850684670191,1.349,4.888,823.891,90,charge,4,2010.0
4.204744764984894,1.3578023751064783,8.278566209475526,1.349,4.888,829.578,90,charge,4,2010.0
4.20535274290131,1.3598935182022023,8.280568062645647,1.349,4.888,835.266,90,charge,4,2010.0
4.2053930967016075,1.3567483444222437,8.28557406926702,1.348,4.888,840.953,90,charge,4,2010.0
4.205999342041104,1.3565066213079737,8.301651596143786,1.346,4.888,846.641,90,charge,4,2010.0
4.20613600717611,1.3594643541823075,8.301790573953559,1.346,4.888,852.328,90,charge,4,2010.0
4.206487670577939,1.3538233521884413,8.313290694476414,1.346,4.888,858.031,90,charge,4,2010.0
4.207112356438517,1.354581823059791,8.335583655350614,1.345,4.888,863.719,90,charge,4,2010.0
4.2059980248404285,1.347847283237425,8.336486050496626,1.337,4.883,869.453,90,charge,4,2010.0
4.206420811927483,1.3461644075299835,8.340593487709837,1.335,4.883,875.141,90,charge,4,2010.0
4.206852854668502,1.345844043587137,8.34396217971166,1.335,4.883,880.828,90,charge,4,2010.0
4.205690191451519,1.3372470036596495,8.357956681597324,1.326,4.877,886.531,90,charge,4,2010.0
4.204425626547384,1.327653084897368,8.348675957837624,1.318,4.872,892.234,90,charge,4,2010.0
4.204702557616645,1.327312399831764,8.371603810303665,1.318,4.872,897.938,90,charge,4,2010.0
4.205245590841023,1.3265116423967953,8.382310887850371,1.316,4.872,903.625,90,charge,4,2010.0
4.205417817130795,1.32675879961974,8.390415344701415,1.316,4.872,909.313,90,charge,4,2010.0
4.205745716507214,1.3243153792972973,8.38886135193321,1.316,4.872,915.344,90,charge,4,2010.0
4.206109852041922,1.3241686162136717,8.391046699951348,1.315,4.872,921.188,90,charge,4,2010.0
4.206445916243114,1.3227228789826169,8.424665444804193,1.314,4.872,927.047,90,charge,4,2010.0
4.206908727674622,1.3231769099913713,8.423033264549858,1.314,4.872,932.859,90,charge,4,2010.0
4.206004236340975,1.3158100150730483,8.419865701010956,1.304,4.866,938.75,90,charge,4,2010.0
4.204654756533839,1.306004466078436,8.434788575596512,1.296,4.861,944.563,90,charge,4,2010.0
4.2052041717246835,1.3043035883406355,8.425224068847657,1.296,4.861,950.422,90,charge,4,2010.0
4.205366903875369,1.3045527294339692,8.428129586902463,1.295,4.861,956.203,90,charge,4,2010.0
4.205573135599167,1.303935131329045,8.443820560186024,1.295,4.861,962.063,90,charge,4,2010.0
4.205982111466907,1.306268863093911,8.448775807772192,1.293,4.861,967.922,90,charge,4,2010.0
4.20652620925869,1.3035195027797875,8.472789784734761,1.293,4.861,973.703,90,charge,4,2010.0
4.206817038249245,1.3026843068596439,8.477243783212495,1.292,4.861,979.563,90,charge,4,2010.0
4.205879194018674,1.2923525685733082,8.473852938715938,1.284,4.856,985.375,90,charge,4,2010.0
4.2062347835563205,1.294770648985209,8.503703611097738,1.282,4.856,991.234,90,charge,4,2010.0
4.206313990248978,1.2917637111593472,8.505941111177671,1.281,4.856,997.031,90,charge,4,2010.0
4.2067088215894275,1.2908332275054744,8.512317421444155,1.281,4.856,1002.891,90,charge,4,2010.0
4.205750242139829,1.2804967163666148,8.508580767560261,1.271,4.85,1008.703,90,charge,4,2010.0
4.205882421537104,1.2805133804260849,8.507278550745992,1.271,4.85,1014.547,90,charge,4,2010.0
4.206201538034334,1.2771159893446031,8.52758399269922,1.271,4.85,1020.375,90,charge,4,2010.0
4.206669548833458,1.2783446850796165,8.521228729025212,1.27,4.85,1026.234,90,charge,4,2010.0
4.205709450291578,1.272393938061303,8.5302764675066,1.262,4.845,1032.047,90,charge,4,2010.0
4.205843989106426,1.2715651367299081,8.526664415140567,1.261,4.845,1037.906,90,charge,4,2010.0
4.2062054108209965,1.2710275683574919,8.536977207537856,1.261,4.845,1043.688,90,charge,4,2010.0
4.206532569243798,1.270103665290834,8.549498022098794,1.259,4.845,1049.547,90,charge,4,2010.0
4.206778217923731,1.2686563486961184,8.56821934227231,1.259,4.845,1055.359,90,charge,4,2010.0
4.2058124269846315,1.2601277912904336,8.559943343042741,1.25,4.839,1061.25,90,charge,4,2010.0
4.206115639212873,1.2574580178713184,8.560466096332446,1.25,4.839,1067.047,90,charge,4,2010.0
4.206576103473391,1.2615241164641873,8.588367180738011,1.248,4.839,1072.906,90,charge,4,2010.0
4.205342690541919,1.2470695305579622,8.587140258197358,1.24,4.834,1078.719,90,charge,4,2010.0
4.2059081523679644,1.2505197886115713,8.594577809707275,1.24,4.834,1084.563,90,charge,4,2010.0
4.206046731514345,1.2486565597362111,8.604720772783763,1.239,4.834,1090.359,90,charge,4,2010.0
4.206522845325155,1.246602142255344,8.604263578576345,1.239,4.834,1096.219,90,charge,4,2010.0
4.206692292409621,1.2500663208509306,8.59975407440874,1.238,4.834,1102.0,90,charge,4,2010.0
4.20553059980868,1.2395317114947968,8.606735650762023,1.229,4.829,1107.891,90,charge,4,2010.0
4.205818601209566,1.236980632826746,8.638872987706343,1.228,4.829,1113.672,90,charge,4,2010.0
4.206335763038189,1.2388453603792504,8.612556656946047,1.228,4.829,1119.531,90,charge,4,2010.0
4.206634372878558,1.235142239218202,8.646353263598515,1.228,4.829,1125.344,90,charge,4,2010.0
4.206841915022195,1.2382931338524057,8.664465752475449,1.227,4.829,1131.203,90,charge,4,2010.0
4.2072413760944,1.2340061903238575,8.664980794473852,1.225,4.829,1136.984,90,charge,4,2010.0
4.207653942043113,1.2341888530347456,8.654301371663975,1.225,4.829,1142.844,90,charge,4,2010.0
4.206696016238203,1.226538281297699,8.680379066598055,1.216,4.823,1148.719,90,charge,4,2010.0
4.205470530617456,1.2171650694910878,8.66522464540114,1.208,4.818,1154.531,90,charge,4,2010.0
4.205701951445363,1.2172484483967365,8.647318644537028,1.208,4.818,1160.391,90,charge,4,2010.0
4.205985454625995,1.2170254486026526,8.621566229571242,1.208,4.818,1166.172,90,charge,4,2010.0
4.206362117913654,1.213675805527024,8.575262494709245,1.206,4.818,1172.031,90,charge,4,2010.0
4.20660525410642,1.2137393646299728,8.426013675522132,1.206,4.818,1177.859,90,charge,4,2010.0
4.205505056307843,1.2054867039033357,8.133432714150162,1.197,4.812,1183.734,90,charge,4,2010.0
4.205708049474753,1.2073688173271353,7.9419185988478525,1.197,4.812,1189.531,90,charge,4,2010.0
4.206099928672542,1.2046229241860962,7.79537241700335,1.195,4.812,1195.375,90,charge,4,2010.0
4.206428129973542,1.2047090342941318,7.640773386467527,1.195,4.812,1201.172,90,charge,4,2010.0
4.206789705391007,1.2034729800486477,7.507743818999554,1.194,4.812,1207.031,90,charge,4,2010.0
4.205791184697879,1.1929446121633687,7.416585683580662,1.185,4.807,1212.891,90,charge,4,2010.0
4.206123626346535,1.1950871261449305,7.370089711798413,1.185,4.807,1218.672,90,charge,4,2010.0
4.206514881317692,1.1929522400092958,7.292960547008371,1.185,4.807,1224.469,90,charge,4,2010.0
4.206887919172562,1.1928228283509412,7.161224539212846,1.183,4.807,1230.328,90,charge,4,2010.0
4.205949016465994,1.1819955404131361,7.025438171578656,1.174,4.802,1236.172,90,charge,4,2010.0
4.206325040738753,1.1833779006774223,6.963732699524785,1.174,4.802,1242.016,90,charge,4,2010.0
4.206900915615408,1.1807051149030867,6.852505985370565,1.172,4.802,1247.813,90,charge,4,2010.0
4.207445608208321,1.1818846660059805,6.81707399990935,1.171,4.802,1253.656,90,charge,4,2010.0
4.207930428121754,1.178693668930306,6.745393953168509,1.171,4.802,1259.453,90,charge,4,2010.0
4.206973392580945,1.1707963054767934,6.669187917046302,1.161,4.796,1265.344,90,charge,4,2010.0
4.205997011838569,1.1621783251977618,6.609169147412822,1.152,4.791,1271.156,90,charge,4,2010.0
4.206385800043979,1.1609793832217,6.506394386340811,1.152,4.791,1277.016,90,charge,4,2010.0
4.206889468474624,1.1590790297285152,6.460473285507138,1.151,4.791,1282.797,90,charge,4,2010.0
4.207468082364877,1.1580239519390714,6.448287956536918,1.149,4.791,1288.656,90,charge,4,2010.0
4.20789463959112,1.1580056450347018,6.388709771961403,1.149,4.791,1294.438,90,charge,4,2010.0
4.2068359024251905,1.1514436399138703,6.381971723429482,1.14,4.785,1300.328,90,charge,4,2010.0
4.206008206245183,1.1373332267712766,6.285711706280166,1.13,4.78,1306.141,90,charge,4,2010.0
4.2062459718569425,1.1381945601476247,6.244610016828843,1.129,4.78,1312.0,90,charge,4,2010.0
4.2069012329695,1.1371195367802727,6.199921332768295,1.129,4.78,1317.781,90,charge,4,2010.0
4.2073232043460145,1.1337273253292528,6.1463313383492535,1.127,4.78,1323.641,90,charge,4,2010.0
4.208052939038084,1.135476514908475,6.04606689277013,1.126,4.78,1329.422,90,charge,4,2010.0
4.206993090757025,1.1246891059735624,6.051781538605739,1.118,4.775,1335.313,90,charge,4,2010.0
4.207581332285616,1.125370607965414,5.93416376697751,1.117,4.775,1341.109,90,charge,4,2010.0
4.206651520250681,1.1144159420601036,5.963682728134514,1.107,4.769,1346.984,90,charge,4,2010.0
4.20692993441006,1.1154727108420184,5.8847507857186185,1.107,4.769,1352.781,90,charge,4,2010.0
4.207442675325399,1.1144507405076087,5.766291260926647,1.106,4.769,1358.625,90,charge,4,2010.0
4.208047275070553,1.1135566047929815,5.743891199339503,1.104,4.769,1364.453,90,charge,4,2010.0
4.2070807746787375,1.1030494352074172,5.693474166519798,1.095,4.764,1370.328,90,charge,4,2010.0
4.207452478475116,1.1024652180119943,5.673115938705725,1.093,4.764,1376.203,90,charge,4,2010.0
4.208152626593878,1.1007055733644637,5.587452218317764,1.093,4.764,1382.063,90,charge,4,2010.0
4.207129736596254,1.0918742507438832,5.54376023887855,1.084,4.758,1387.906,90,charge,4,2010.0
4.2061970820848655,1.0810567759763479,5.506367652434391,1.074,4.753,1393.813,90,charge,4,2010.0
4.206873870663457,1.084545661265291,5.592737692525308,1.074,4.753,1399.672,90,charge,4,2010.0
4.207170335989716,1.0819311785175616,5.768380624986848,1.073,4.753,1405.531,90,charge,4,2010.0
4.207774813497797,1.0800965236457807,5.934267281644953,1.073,4.753,1411.344,90,charge,4,2010.0
4.206717332798948,1.0697006924245562,6.015751475754561,1.062,4.748,1417.219,90,charge,4,2010.0
4.20722264088125,1.0706450257015794,6.05585400297547,1.062,4.748,1423.0,90,charge,4,2010.0
4.2075883223507935,1.0691936029204658,6.131297161843771,1.061,4.748,1428.859,90,charge,4,2010.0
4.20695486486226,1.0616402271753091,6.188359488090407,1.054,4.742,1434.688,90,charge,4,2010.0
4.207199925500703,1.0608337066363418,6.315195262933034,1.053,4.742,1440.547,90,charge,4,2010.0
4.207687305528835,1.0606004494488255,6.386548650225529,1.053,4.742,1446.328,90,charge,4,2010.0
4.2066581163997245,1.0522847684302379,6.459108398692868,1.043,4.737,1452.203,90,charge,4,2010.0
4.207034822230652,1.0520202787289068,6.4919069216673,1.043,4.737,1458.0,90,charge,4,2010.0
4.20752298149959,1.0497679433242961,6.509241943221679,1.042,4.737,1463.844,90,charge,4,2010.0
4.207600606679404,1.0505800997545098,6.5409569944948895,1.042,4.737,1469.641,90,charge,4,2010.0
4.206675331752109,1.0415770102526494,6.5945959347819105,1.032,4.731,1475.516,90,charge,4,2010.0
4.2069969112291785,1.0408420114264139,6.651196797795988,1.031,4.731,1481.297,90,charge,4,2010.0
4.207376665792225,1.0405257345953434,6.6647657604401465,1.031,4.731,1487.156,90,charge,4,2010.0
4.207643498964465,1.0399086545874467,6.677902133655832,1.031,4.731,1492.938,90,charge,4,2010.0
4.206572447516085,1.0295909857894385,6.684130490454229,1.021,4.726,1498.828,90,charge,4,2010.0
4.206877623633373,1.027683274242468,6.718217438856117,1.021,4.726,1504.609,90,charge,4,2010.0
4.207261428505664,1.0281498158369848,6.746528075849436,1.02,4.726,1510.469,90,charge,4,2010.0
4.207557703598253,1.0264432072206857,6.748871887253068,1.02,4.726,1516.25,90,charge,4,2010.0
4.2062951586746715,1.018108624394388,6.7813812878083315,1.011,4.721,1522.125,90,charge,4,2010.0
4.206602888261465,1.0181248196687374,6.80341492510777,1.011,4.721,1527.922,90,charge,4,2010.0
4.206820020257366,1.0179286861656764,6.822111401072437,1.009,4.721,1533.781,90,charge,4,2010.0
4.207137935082972,1.014774442255329,6.841426527278676,1.009,4.721,1539.563,90,charge,4,2010.0
4.207507631015379,1.016749378521674,6.851554986888018,1.008,4.721,1545.422,90,charge,4,2010.0
4.207740935876757,1.015473558967516,6.882037738823882,1.008,4.721,1551.203,90,charge,4,2010.0
4.208198515135754,1.0147099399142225,6.865857456351109,1.008,4.721,1557.063,90,charge,4,2010.0
4.208439943163859,1.0162463615226591,6.901258359800571,1.007,4.721,1562.875,90,charge,4,2010.0
4.208816228913035,1.0118254378573266,6.9210249281335665,1.007,4.721,1568.719,90,charge,4,2010.0
4.207572492824169,1.005156714943637,6.936365699228586,0.997,4.715,1574.531,90,charge,4,2010.0
4.206520126116913,0.996517406859838,6.952626526215905,0.989,4.71,1580.422,90,charge,4,2010.0
4.206852718561042,0.9970883280550172,6.980836993250674,0.989,4.71,1586.281,90,charge,4,2010.0
4.2068948498662335,0.9931884370797468,6.978436453681146,0.988,4.71,1592.078,90,charge,4,2010.0
4.2070810233963645,0.9960037933432748,6.993776260383742,0.988,4.71,1597.859,90,charge,4,2010.0
4.207413364057627,0.9951345685061065,7.048708631805105,0.988,4.71,1603.641,90,charge,4,2010.0
4.207767290248146,0.9929105911192975,7.043472046228305,0.986,4.71,1609.5,90,charge,4,2010.0
4.208123582592437,0.9935772531357467,7.048466212512605,0.986,4.71,1615.344,90,charge,4,2010.0
4.2083622769785425,0.9931294372907071,7.065050705304488,0.985,4.71,1621.203,90,charge,4,2010.0
4.208548830354254,0.9915545334503504,7.0654151048294445,0.985,4.71,1626.984,90,charge,4,2010.0
4.208964788501053,0.9917342028874455,7.077585111326428,0.983,4.71,1632.844,90,charge,4,2010.0
4.207849238223745,0.9810001130495285,7.104404970940964,0.975,4.704,1638.719,90,charge,4,2010.0
4.206595368709391,0.9729873813708005,7.136813113889121,0.966,4.699,1644.641,90,charge,4,2010.0
4.206751439613661,0.975792327258196,7.145108560694659,0.966,4.699,1650.422,90,charge,4,2010.0
4.207030137752424,0.9739083967434733,7.154703450472019,0.966,4.699,1656.219,90,charge,4,2010.0
4.207283806812411,0.9703577430679927,7.167979295496144,0.966,4.699,1662.047,90,charge,4,2010.0
4.207518949392367,0.9738071629277587,7.181357276010016,0.964,4.699,1667.891,90,charge,4,2010.0
4.207884820811724,0.9705755881674246,7.187560990825204,0.964,4.699,1673.688,90,charge,4,2010.0
4.206624496653967,0.9621639759400807,7.210600674135284,0.955,4.694,1679.516,90,charge,4,2010.0
4.206790368371114,0.9621148596212193,7.209104778980418,0.955,4.694,1685.297,90,charge,4,2010.0
4.207150597951347,0.9634514142323631,7.230356339851445,0.955,4.694,1691.156,90,charge,4,2010.0
4.207057030208759,0.9593881576580937,7.239812422776913,0.954,4.694,1696.938,90,charge,4,2010.0
4.207722148563393,0.9613554922197979,7.258849465270699,0.954,4.694,1702.719,90,charge,4,2010.0
4.207681805347738,0.9582884111505392,7.258095745418631,0.954,4.694,1708.578,90,charge,4,2010.0
4.208031505197672,0.9600311955574404,7.255301036344851,0.952,4.694,1714.406,90,charge,4,2010.0
4.208473934593799,0.9601694088906807,7.274256559275617,0.952,4.694,1720.266,90,charge,4,2010.0
4.208903765624704,0.9608066298184745,7.291257772215702,0.952,4.694,1726.063,90,charge,4,2010.0
4.20740229031648,0.9512801159632847,7.3010154001134016,0.943,4.688,1731.875,90,charge,4,2010.0
4.207887261901185,0.9506349421536017,7.302103380918951,0.941,4.688,1737.656,90,charge,4,2010.0
4.206623601969614,0.9460887903264025,7.322471986035615,0.935,4.683,1743.547,90,charge,4,2010.0
4.206796868125266,0.9418182810426832,7.325288151154138,0.933,4.683,1749.391,90,charge,4,2010.0
4.206908475681134,0.9396184050215548,7.329230889030825,0.933,4.683,1755.25,90,charge,4,2010.0
4.207042092947514,0.938791490335555,7.344292768244316,0.932,4.683,1761.047,90,charge,4,2010.0
4.207467494795388,0.9400668943096986,7.349959510251568,0.932,4.683,1766.859,90,charge,4,2010.0
4.207747376323008,0.9370305171273097,7.362378096182706,0.932,4.683,1772.703,90,charge,4,2010.0
4.208087737997311,0.9377724048916356,7.3890867806329705,0.93,4.683,1778.547,90,charge,4,2010.0
4.208265957748109,0.9354819249280412,7.414600395052537,0.93,4.683,1784.406,90,charge,4,2010.0
4.208519895306915,0.9357893222408439,7.415292979385898,0.93,4.683,1790.188,90,charge,4,2010.0
4.208948136246432,0.9363717244192087,7.4197564929866155,0.929,4.683,1795.984,90,charge,4,2010.0
4.2077517867199745,0.9281377792915733,7.4312197196776735,0.92,4.677,1801.875,90,charge,4,2010.0
4.206338060744215,0.9180243672910988,7.445235881857636,0.911,4.672,1807.75,90,charge,4,2010.0
4.206492464661128,0.9195180594116283,7.447814271227756,0.911,4.672,1813.594,90,charge,4,2010.0
4.206800109171598,0.9172410516143822,7.463970354618172,0.911,4.672,1819.391,90,charge,4,2010.0
4.206989506800091,0.9187683273229853,7.455482521704248,0.911,4.672,1825.188,90,charge,4,2010.0
4.207258177068636,0.9161728493672571,7.455297990923752,0.91,4.672,1830.969,90,charge,4,2010.0
4.207508565417296,0.9175222106998072,7.490214960959027,0.91,4.672,1836.828,90,charge,4,2010.0
4.207764571552882,0.9160130040750253,7.502299392780101,0.909,4.672,1842.672,90,charge,4,2010.0
4.208062482776838,0.9138975762284618,7.51760448294829,0.909,4.672,1848.531,90,charge,4,2010.0
4.208334040502364,0.9136030994040367,7.508377074555798,0.907,4.672,1854.328,90,charge,4,2010.0
4.208634859675303,0.914887216089709,7.528317452551522,0.907,4.672,1860.125,90,charge,4,2010.0
4.207447467298819,0.9082638660433985,7.541237364319971,0.899,4.667,1866.016,90,charge,4,2010.0
4.207741727772439,0.905180216725372,7.5570807846904025,0.898,4.667,1871.859,90,charge,4,2010.0
4.208150557934865,0.9053227012780316,7.5350315448560865,0.898,4.667,1877.719,90,charge,4,2010.0
4.208283256136491,0.9044845144427899,7.526206584128112,0.898,4.667,1883.516,90,charge,4,2010.0
4.208562257800356,0.9033785507099019,7.57273307236257,0.896,4.667,1889.313,90,charge,4,2010.0
4.207374044404772,0.8948361775966446,7.589927270063251,0.888,4.661,1895.188,90,charge,4,2010.0
4.207627768176261,0.8947721972595282,7.573509329768956,0.888,4.661,1901.063,90,charge,4,2010.0
4.207886945199302,0.8946214585063681,7.601512534446608,0.887,4.661,1906.844,90,charge,4,2010.0
4.208221864343527,0.8932240869496421,7.621228548867368,0.887,4.661,1912.641,90,charge,4,2010.0
4.208378406042825,0.8925477326769361,7.607194508900249,0.886,4.661,1918.5,90,charge,4,2010.0
4.208667820654289,0.8922287087621334,7.613924074534867,0.886,4.661,1924.344,90,charge,4,2010.0
4.207547200258475,0.8841063257135104,7.608690841794281,0.877,4.656,1930.234,90,charge,4,2010.0
4.207771817618313,0.882961028296019,7.6269595886609,0.876,4.656,1936.031,90,charge,4,2010.0
4.207934556023447,0.8817130928720515,7.652073189734005,0.876,4.656,1941.828,90,charge,4,2010.0
4.208254104100208,0.8817942923767401,7.663716070915821,0.876,4.656,1947.688,90,charge,4,2010.0
4.208488932425934,0.8800097594071542,7.672445963372583,0.875,4.656,1953.547,90,charge,4,2010.0
4.208801451008396,0.8805076471187876,7.674769733004807,0.873,4.656,1959.391,90,charge,4,2010.0
4.207650750558672,0.872285038711949,7.652779562705377,0.867,4.65,1965.25,90,charge,4,2010.0
4.20791119533918,0.8737690422287759,7.668724304615117,0.865,4.65,1971.031,90,charge,4,2010.0
4.207974553137866,0.8712133217556254,7.706436082779891,0.865,4.65,1976.906,90,charge,4,2010.0
4.208310832356544,0.8699249545712696,7.696060345741013,0.864,4.65,1982.828,90,charge,4,2010.0
4.20869571577882,0.8709529030741133,7.715284844906899,0.864,4.65,1988.719,90,charge,4,2010.0
4.207477250026463,0.8656073943663305,7.708327777360601,0.856,4.645,1994.672,90,charge,4,2010.0
4.207654116758362,0.8600960726634294,7.7189128503596685,0.854,4.645,2000.531,90,charge,4,2010.0
4.208045133883528,0.8623153436866299,7.7333435168267215,0.854,4.645,2006.406,90,charge,4,2010.0
4.208322004398136,0.8618855192535553,7.730706441262694,0.854,4.645,2012.281,90,charge,4,2010.0
4.208516709498475,0.8596824791480637,7.74013136562253,0.853,4.645,2018.141,90,charge,4,2010.0
4.2087559628631155,0.8595428217739455,7.7444070858549505,0.853,4.645,2023.953,90,charge,4,2010.0
4.207654608856209,0.8506679329918131,7.754701425760806,0.843,4.64,2029.781,90,charge,4,2010.0
4.207817315969333,0.8508004422728399,7.754554140314749,0.843,4.64,2035.656,90,charge,4,2010.0
4.208097190917334,0.8501383042976122,7.763277912185467,0.843,4.64,2041.516,90,charge,4,2010.0
4.208375210828706,0.849052836839478,7.743366787858966,0.842,4.64,2047.313,90,charge,4,2010.0
4.208752384494706,0.8483824203309773,7.765619432569071,0.842,4.64,2053.109,90,charge,4,2010.0
4.207603318991433,0.8408675578607052,7.76610745282199,0.833,4.634,2059.0,90,charge,4,2010.0
4.207657241541259,0.8407210483861687,7.763216958543923,0.833,4.634,2064.859,90,charge,4,2010.0
4.207915297712984,0.8387110309946765,7.792946067385909,0.831,4.634,2070.672,90,charge,4,2010.0
4.208228521280016,0.838845773149273,7.808410206091384,0.831,4.634,2076.453,90,charge,4,2010.0
4.2086477314780275,0.8357822083190161,7.830059371225366,0.83,4.634,2082.328,90,charge,4,2010.0
4.2070528790989785,0.8285260546700327,7.811587032041096,0.822,4.629,2088.219,90,charge,4,2010.0
4.207419146213665,0.829075037531821,7.819536618534898,0.822,4.629,2094.016,90,charge,4,2010.0
4.207909885325688,0.8307462076510308,7.810584209132347,0.822,4.629,2099.813,90,charge,4,2010.0
4.208204800770396,0.8279787233430193,7.835276038163023,0.82,4.629,2105.672,90,charge,4,2010.0
4.208456363636714,0.8214788104541033,7.838744537817633,0.82,4.629,2111.531,90,charge,4,2010.0
4.208835408765654,0.8287989201800652,7.831423091851333,0.819,4.629,2117.328,90,charge,4,2010.0
4.207556679933761,0.8183045162978586,7.839725463993511,0.811,4.623,2123.156,90,charge,4,2010.0
4.207757768478389,0.8155001708025521,7.824573956674779,0.81,4.623,2128.953,90,charge,4,2010.0
4.207931962321462,0.8111160512785527,7.863914242312251,0.81,4.623,2134.828,90,charge,4,2010.0
4.20839726551599,0.8140696607698834,7.853100285204624,0.81,4.623,2140.688,90,charge,4,2010.0
4.208740539235126,0.8150144438907639,7.861788621811568,0.808,4.623,2146.484,90,charge,4,2010.0
4.207477243611223,0.8061099210162975,7.893872774241421,0.8,4.618,2152.313,90,charge,4,2010.0
4.207810454979028,0.8057193246255198,7.912150010958468,0.799,4.618,2158.188,90,charge,4,2010.0
4.208108586258192,0.8061093404656219,7.924318010610777,0.799,4.618,2164.109,90,charge,4,2010.0
4.208403445340679,0.8050527253848789,7.942338034006335,0.799,4.618,2169.969,90,charge,4,2010.0
4.2086994915824825,0.8068017839535885,7.924213181474611,0.797,4.618,2175.797,90,charge,4,2010.0
4.207166275931897,0.7938531354364334,7.946572894781095,0.789,4.613,2181.625,90,charge,4,2010.0
4.207529113276547,0.7910341124125378,7.925114199963082,0.788,4.613,2187.422,90,charge,4,2010.0
4.206597903004611,0.7842925426654594,7.946026119266162,0.78,4.607,2193.313,90,charge,4,2010.0
4.206743060905369,0.7861168157443202,7.92965583183138,0.78,4.607,2199.219,90,charge,4,2010.0
4.206961292185797,0.7868155883973166,7.942964088418231,0.78,4.607,2205.141,90,charge,4,2010.0
4.2069727260727845,0.7863830111779986,7.961773413414904,0.778,4.607,2210.984,90,charge,4,2010.0
4.207591740921093,0.7850911775349179,7.942564248731536,0.778,4.607,2216.875,90,charge,4,2010.0
4.207801101769319,0.7835987180914815,7.963235376901065,0.777,4.607,2222.734,90,charge,4,2010.0
4.208055427369234,0.7830813126255861,7.960389423560604,0.777,4.607,2228.641,90,charge,4,2010.0
4.208137864410509,0.7827595246265674,7.9545365042723954,0.776,4.607,2234.531,90,charge,4,2010.0
4.207364120369337,0.7789635096620237,7.97066815910022,0.767,4.602,2240.375,90,charge,4,2010.0
4.207583896409924,0.7712670802029694,7.966173270424565,0.767,4.596,2246.172,90,charge,4,2010.0
4.207797229466997,0.7719172592923733,7.957817497303355,0.766,4.602,2252.047,90,charge,4,2010.0
4.208010275023264,0.7728254226819362,7.96394894596817,0.766,4.602,2257.906,90,charge,4,2010.0
4.208540220566749,0.7709576025273667,7.971517448766298,0.765,4.596,2263.719,90,charge,4,2010.0
4.208595704930701,0.7702569926422862,7.976136987368387,0.765,4.602,2269.516,90,charge,4,2010.0
4.206124850990766,0.7539216398399721,7.97964836905385,0.747,4.591,2275.406,90,charge,4,2010.0
4.204847532889176,0.7436000703693852,7.959375089387856,0.739,4.58,2281.266,90,charge,4,2010.0
4.203385633769234,0.7363714223535854,7.962927444597912,0.731,4.58,2287.156,90,charge,4,2010.0
4.20486737229021,0.7460515432036143,7.993722702485874,0.739,4.58,2293.047,90,charge,4,2010.0
4.2036408577063575,0.7352470380576202,8.007358879538867,0.729,4.58,2298.922,90,charge,4,2010.0
4.203871295501251,0.7376259714526539,7.999447370248812,0.729,4.58,2304.719,90,charge,4,2010.0
4.204033020067453,0.7322080292144951,7.998170972051807,0.729,4.575,2310.594,90,charge,4,2010.0
4.2026761804052954,0.72709909210107,7.984941641479786,0.721,4.575,2316.484,90,charge,4,2010.0
4.204438389882825,0.7337633330648514,8.007927085310403,0.729,4.58,2322.359,90,charge,4,2010.0
4.204560813460963,0.733312014930534,8.001461603699251,0.728,4.58,2328.156,90,charge,4,2010.0
4.204970877029513,0.7323593708849765,7.9951048373914535,0.728,4.58,2334.016,90,charge,4,2010.0
4.203772934743887,0.7260018963055282,8.014070312558667,0.718,4.575,2339.906,90,charge,4,2010.0
4.203972101308375,0.7262245722691446,8.007474293389915,0.718,4.575,2345.703,90,charge,4,2010.0
4.204240098415729,0.7242880582955672,8.002987592350433,0.718,4.575,2351.516,90,charge,4,2010.0
4.2044101680603045,0.72292307251889,8.002798011748185,0.717,4.569,2357.313,90,charge,4,2010.0
4.2047246188582506,0.7214322473293088,8.007107894427714,0.717,4.575,2363.125,90,charge,4,2010.0
4.2049786836709275,0.7216125064443492,8.010482775043164,0.716,4.575,2368.969,90,charge,4,2010.0
4.205296301051752,0.7200571232895298,8.009961843848567,0.716,4.575,2374.875,90,charge,4,2010.0
4.205694029851943,0.7215053009004138,8.028460745225924,0.716,4.575,2380.719,90,charge,4,2010.0
4.205884231207323,0.7207891812340702,8.02175886044632,0.714,4.575,2386.609,90,charge,4,2010.0
4.206128504475528,0.7193455110094822,8.02680246245334,0.714,4.575,2392.406,90,charge,4,2010.0
4.2067446949688705,0.7188672615965381,8.016716226002176,0.713,4.575,2398.281,90,charge,4,2010.0
4.20555925921431,0.711193980426352,8.032178856023918,0.705,4.569,2404.172,90,charge,4,2010.0
4.205733636733654,0.7122910681685503,8.03256557142541,0.704,4.569,2410.063,90,charge,4,2010.0
4.206012131094096,0.7088731610572541,8.034235968104383,0.704,4.569,2415.969,90,charge,4,2010.0
4.2063552414337,0.7101349597306026,8.036251719165332,0.702,4.569,2421.844,90,charge,4,2010.0
4.206570978179361,0.708380622219034,8.034706260622796,0.702,4.569,2427.688,90,charge,4,2010.0
4.206987581262887,0.7104231858454577,8.012042293373874,0.701,4.569,2433.484,90,charge,4,2010.0
4.2072852762784505,0.7073381604315845,8.04142683819746,0.701,4.569,2439.344,90,charge,4,2010.0
4.207567784356203,0.7063009748073981,8.035335803392456,0.701,4.569,2445.141,90,charge,4,2010.0
4.206308460321722,0.6953993823784757,8.023345288416428,0.691,4.564,2450.969,90,charge,4,2010.0
4.2053516146554255,0.6886322841514427,8.02709948865083,0.683,4.558,2456.781,90,charge,4,2010.0
4.205469907067781,0.6876425715628561,8.033057605799227,0.683,4.558,2462.656,90,charge,4,2010.0
4.204217765081729,0.6794434562743589,8.047369732236989,0.674,4.553,2468.547,90,charge,4,2010.0
4.204657392527285,0.6795812454344632,8.043307109588078,0.674,4.553,2474.344,90,charge,4,2010.0
4.204822637623163,0.6807401299441891,8.041483979258038,0.674,4.553,2480.203,90,charge,4,2010.0
4.203448651667585,0.6692963868784159,8.051097638567986,0.664,4.548,2486.094,90,charge,4,2010.0
4.203522499088118,0.6707165253161661,8.050359211199384,0.664,4.542,2491.938,90,charge,4,2010.0
4.205390462400732,0.6767752442029524,8.038341966929055,0.672,4.548,2497.813,90,charge,4,2010.0
4.205535100035944,0.6763244533657743,8.051202905322624,0.671,4.553,2503.891,90,charge,4,2010.0
4.20585398046577,0.67513779223107,8.042939258371572,0.671,4.553,2509.797,90,charge,4,2010.0
4.204777118220923,0.6665347338164119,8.050380946750701,0.661,4.542,2515.703,90,charge,4,2010.0
4.2049122127703145,0.6638835187894193,8.04272401001397,0.661,4.542,2521.578,90,charge,4,2010.0
4.20383092831578,0.6595231886004704,8.050665574554666,0.653,4.537,2527.469,90,charge,4,2010.0
4.203844712094849,0.6584509659148726,8.058688356603362,0.652,4.537,2533.297,90,charge,4,2010.0
4.204055674609619,0.6564378647121235,8.049684254121305,0.652,4.537,2539.188,90,charge,4,2010.0
4.204320588992754,0.6567641625939696,8.040892775821899,0.652,4.537,2545.078,90,charge,4,2010.0
4.204543934932246,0.6551666283981645,8.048809136114128,0.651,4.537,2550.891,90,charge,4,2010.0
4.204934261862949,0.6563007872589554,8.051220563183575,0.651,4.537,2556.703,90,charge,4,2010.0
4.20369583993373,0.6466769895557439,8.046028019157754,0.642,4.537,2562.609,90,charge,4,2010.0
4.202410882046104,0.6387424258970182,8.053408675800435,0.633,4.531,2568.453,90,charge,4,2010.0
4.203968809212503,0.6464401971055853,8.03448885440866,0.641,4.537,2574.297,90,charge,4,2010.0
4.202857430229592,0.6381376720425765,8.034366371236711,0.633,4.531,2580.172,90,charge,4,2010.0
4.204458103894929,0.6441239704853077,8.04151991183075,0.641,4.531,2586.016,90,charge,4,2010.0
4.2061904662638545,0.652465343242086,8.045906456552641,0.648,4.537,2591.938,90,charge,4,2010.0
4.205205597292398,0.6444067714844063,8.046100403273991,0.64,4.537,2597.797,90,charge,4,2010.0
4.205517795634567,0.6453524848077054,8.046591876731672,0.638,4.537,2603.672,90,charge,4,2010.0
4.20551982872099,0.6427187154969098,8.046946645749733,0.637,4.537,2609.563,90,charge,4,2010.0
4.205881642667413,0.643970970837255,8.052692179190045,0.637,4.537,2615.5,90,charge,4,2010.0
4.204771387126339,0.6322149119078225,8.047547420734933,0.629,4.531,2621.375,90,charge,4,2010.0
4.20505406804923,0.6314911637136716,8.0553025425546,0.629,4.531,2627.172,90,charge,4,2010.0
4.2052691767302885,0.6336876139659094,8.054442064235777,0.627,4.531,2633.047,90,charge,4,2010.0
4.205511340540945,0.6322610678284913,8.04663629816818,0.627,4.526,2638.922,90,charge,4,2010.0
4.205792644850393,0.634057944108292,8.06333433948221,0.626,4.531,2644.719,90,charge,4,2010.0
4.204618974225294,0.6213531792280079,8.058897077605135,0.618,4.526,2650.547,90,charge,4,2010.0
4.203351190974947,0.6140667922324355,8.059797731002527,0.61,4.515,2656.453,90,charge,4,2010.0
4.2033302517852125,0.6154432133077232,8.080161998747334,0.608,4.515,2662.25,90,charge,4,2010.0
4.203534324159297,0.6180950120975639,8.071553086893086,0.608,4.515,2668.125,90,charge,4,2010.0
4.203795604496516,0.6140343295282518,8.080477536932925,0.608,4.515,2673.984,90,charge,4,2010.0
4.202539611643272,0.6040649722791873,8.076094201829793,0.6,4.51,2679.813,90,charge,4,2010.0
4.204238110918948,0.6129935987536366,8.076866793309621,0.607,4.515,2685.703,90,charge,4,2010.0
4.202780026546768,0.604539760784639,8.062821593693126,0.599,4.515,2691.609,90,charge,4,2010.0
4.203204101153579,0.6060311324879288,8.072776729591366,0.599,4.51,2697.563,90,charge,4,2010.0
4.203244023243382,0.6024497917994639,8.086907026947843,0.599,4.51,2703.375,90,charge,4,2010.0
4.203580904254851,0.6045493368799879,8.086302121468558,0.598,4.51,2709.281,90,charge,4,2010.0
4.203785820627838,0.6019780259872705,8.068166271725733,0.598,4.51,2715.109,90,charge,4,2010.0
4.2039028168197685,0.6026694284423499,8.074740598280624,0.598,4.515,2720.969,90,charge,4,2010.0
4.204330408494564,0.6004558479282633,8.07162987331381,0.596,4.51,2726.859,90,charge,4,2010.0
4.204479840772973,0.6011928314124451,8.044269175935563,0.596,4.51,2732.75,90,charge,4,2010.0
4.2047210179663645,0.6000474820322308,8.01433953976084,0.596,4.515,2738.578,90,charge,4,2010.0
4.2049700528754075,0.5974693867150488,7.955910025938201,0.595,4.515,2744.5,90,charge,4,2010.0
4.203761996143446,0.5922090705188806,7.78216701066949,0.587,4.51,2750.406,90,charge,4,2010.0
4.205236783791226,0.5981494545035149,7.51515875919752,0.595,4.51,2756.328,90,charge,4,2010.0
4.205635458538551,0.5983977091010314,7.253435373282582,0.593,4.515,2762.188,90,charge,4,2010.0
4.204388764700247,0.5896844877045526,7.0555166336443715,0.585,4.504,2768.109,90,charge,4,2010.0
4.203029011550503,0.582507534842844,6.973694475368144,0.576,4.499,2773.938,90,charge,4,2010.0
4.203146887826683,0.5793835718640972,6.830716025730767,0.576,4.499,2779.75,90,charge,4,2010.0
4.203532613491063,0.5801330047268141,6.744080760361805,0.576,4.499,2785.625,90,charge,4,2010.0
4.203772847835535,0.579798728478658,6.637716125906183,0.576,4.499,2791.469,90,charge,4,2010.0
4.204048984922555,0.5792851805089562,6.628048396135113,0.574,4.499,2797.328,90,charge,4,2010.0
4.204136427698076,0.578581514199091,6.548396195093298,0.574,4.499,2803.141,90,charge,4,2010.0
4.204450769343119,0.5771323823879503,6.3384002546422655,0.573,4.499,2808.922,90,charge,4,2010.0
4.204805322707343,0.5800440783369116,6.243050638768713,0.573,4.499,2814.797,90,charge,4,2010.0
4.203726601560287,0.5714332469852174,6.2230391357079515,0.564,4.494,2820.719,90,charge,4,2010.0
4.2038830421457005,0.5682538537690683,6.193276608662939,0.564,4.494,2826.516,90,charge,4,2010.0
4.204302266831332,0.5695615178251086,6.110597712594153,0.562,4.494,2832.297,90,charge,4,2010.0
4.20448609822435,0.5677395603500691,6.068012321322955,0.562,4.494,2838.172,90,charge,4,2010.0
4.204822085091072,0.5663048652834815,5.988262248585294,0.562,4.494,2844.047,90,charge,4,2010.0
4.203633362014552,0.5571777467891441,5.880408228004852,0.553,4.488,2849.875,90,charge,4,2010.0
4.203858446915955,0.5579551034095579,5.8100315235373285,0.553,4.488,2855.656,90,charge,4,2010.0
4.204171106912125,0.5582606180735818,5.770642189141096,0.551,4.488,2861.531,90,charge,4,2010.0
4.20451861673861,0.5564802088077831,5.769914665824214,0.551,4.488,2867.391,90,charge,4,2010.0
4.204855739578556,0.5546880155071252,5.571944722365417,0.551,4.488,2873.188,90,charge,4,2010.0
4.20371606502164,0.5482293604726713,5.599641847770703,0.542,4.488,2879.031,90,charge,4,2010.0
4.203989875416676,0.5454539238730873,5.492903613586876,0.542,4.488,2884.844,90,charge,4,2010.0
4.204202865748796,0.5461512425013861,5.432115171992126,0.54,4.488,2890.766,90,charge,4,2010.0
4.204689499654739,0.5450828513579853,5.419275158983245,0.54,4.488,2896.688,90,charge,4,2010.0
4.204826940234865,0.5431990486639553,5.313169219853837,0.54,4.483,2902.516,90,charge,4,2010.0
4.203800368904074,0.5342243459396139,5.274145126125163,0.531,4.477,2908.406,90,charge,4,2010.0
4.205319775651521,0.5443922505570092,5.22159433404452,0.539,4.488,2914.313,90,charge,4,2010.0
4.204412251858849,0.5354263505139366,5.167957469571948,0.53,4.477,2920.188,90,charge,4,2010.0
4.206166971436141,0.5411005478145583,5.118611731829183,0.538,4.483,2926.094,90,charge,4,2010.0
4.206386678025249,0.541415975206794,5.075577377441405,0.536,4.488,2932.0,90,charge,4,2010.0
4.206823908632693,0.5411995021539611,4.999125121965579,0.535,4.488,2937.859,90,charge,4,2010.0
4.20570619349011,0.5322256961040759,4.960887395919257,0.527,4.483,2943.688,90,charge,4,2010.0
4.205947977423712,0.5323001684538703,4.917206125186784,0.526,4.477,2949.563,90,charge,4,2010.0
4.204923215856238,0.5225467941912604,4.902611500406521,0.517,4.472,2955.453,90,charge,4,2010.0
4.203515101659021,0.5130682277182905,4.816034310255337,0.509,4.467,2961.281,90,charge,4,2010.0
4.203945149667637,0.5117996762949074,4.888161042166658,0.509,4.467,2967.078,90,charge,4,2010.0
4.204075369433299,0.5131260433881678,5.033501781081669,0.508,4.467,2972.938,90,charge,4,2010.0
4.204383914142914,0.5114325753974261,5.194958369345934,0.508,4.467,2978.797,90,charge,4,2010.0
4.2045346866882936,0.5103415470347196,5.336024337418501,0.508,4.467,2984.609,90,charge,4,2010.0
4.204991674438039,0.5129130976424909,5.444887459846106,0.507,4.467,2990.406,90,charge,4,2010.0
4.205001186892808,0.5105486810521257,5.488581513701876,0.507,4.467,2996.203,90,charge,4,2010.0
4.205306508450655,0.5099295870966678,5.546874857482546,0.505,4.467,3002.063,90,charge,4,2010.0
4.205618477897368,0.5099081458863366,5.567768597551018,0.505,4.467,3007.922,90,charge,4,2010.0
4.2043844834392825,0.49857685322658085,5.60404702194861,0.497,4.461,3013.766,90,charge,4,2010.0
4.204563691126004,0.5022848773367821,5.672922194973183,0.496,4.467,3019.625,90,charge,4,2010.0
4.203056965658582,0.492124030315816,5.711491021205187,0.488,4.456,3025.438,90,charge,4,2010.0
4.203232263155977,0.4881862696887177,5.754536134369999,0.488,4.456,3031.313,90,charge,4,2010.0
4.203364564208964,0.4902741661833117,5.80844207167551,0.488,4.456,3037.172,90,charge,4,2010.0
4.20364452376673,0.48787431581717905,5.809978611247003,0.486,4.456,3042.969,90,charge,4,2010.0
4.2036335372426485,0.4883342768431961,5.830538303946892,0.486,4.456,3048.766,90,charge,4,2010.0
4.203897305677931,0.48937794091149966,5.872151430844247,0.486,4.456,3054.641,90,charge,4,2010.0
4.203895539750837,0.4884962921224759,5.906461660241661,0.486,4.456,3060.5,90,charge,4,2010.0
4.204292640667502,0.4898890285430167,5.915799994458705,0.485,4.456,3066.391,90,charge,4,2010.0
4.20430958052405,0.48872208278008417,5.940053811717242,0.485,4.456,3072.25,90,charge,4,2010.0
4.204547844099676,0.487825993357019,5.965867553683369,0.485,4.456,3078.125,90,charge,4,2010.0
4.204765842092532,0.48945339849982245,5.950921145954377,0.483,4.456,3084.047,90,charge,4,2010.0
4.204883689433416,0.48833942243656536,5.9510561575408465,0.483,4.456,3089.906,90,charge,4,2010.0
4.205185133200103,0.4877546066311319,5.992776050841197,0.483,4.456,3095.719,90,charge,4,2010.0
4.205268122200668,0.4868279182726608,6.003675381207585,0.483,4.456,3101.5,90,charge,4,2010.0
4.205537717007901,0.4865611177927941,5.99976755402908,0.483,4.456,3107.375,90,charge,4,2010.0
4.205548630242367,0.4870145728802536,6.003512851117654,0.482,4.456,3113.234,90,charge,4,2010.0
4.20577983995003,0.48641475793822203,6.032925580689339,0.482,4.456,3119.047,90,charge,4,2010.0
4.204433452874303,0.47888565932349464,6.045040353630332,0.474,4.45,3124.875,90,charge,4,2010.0
4.204547860031424,0.4782157644588988,6.0580524400005675,0.474,4.45,3130.734,90,charge,4,2010.0
4.204669742262812,0.4751611199697842,6.086738341376131,0.474,4.45,3136.609,90,charge,4,2010.0
4.203461682583579,0.4698255918238474,6.1042377333566575,0.466,4.445,3142.422,90,charge,4,2010.0
4.203384813334406,0.4687710194829647,6.109078366832724,0.464,4.445,3148.313,90,charge,4,2010.0
4.203439827985628,0.46786307075251227,6.11843629658548,0.464,4.445,3154.203,90,charge,4,2010.0
4.203609841723577,0.4678135489046626,6.140277596922219,0.464,4.445,3160.078,90,charge,4,2010.0
4.203790333229831,0.4667021826075128,6.152559080521597,0.464,4.445,3165.922,90,charge,4,2010.0
4.203801667430314,0.4684346861252596,6.160542933795686,0.464,4.445,3171.719,90,charge,4,2010.0
4.203839943578263,0.4684358719955962,6.17525380391209,0.464,4.445,3177.5,90,charge,4,2010.0
4.203960052436113,0.46902281699892084,6.176554119563344,0.464,4.445,3183.359,90,charge,4,2010.0
4.20413425198775,0.4663255149095316,6.195634150607113,0.463,4.45,3189.219,90,charge,4,2010.0
4.204221528144577,0.4667151198073268,6.216006144186926,0.463,4.445,3195.094,90,charge,4,2010.0
4.204336094711835,0.46866673010217136,6.226647250289192,0.463,4.445,3200.875,90,charge,4,2010.0
4.204309385510758,0.46647180166053637,6.208820621051562,0.463,4.445,3206.734,90,charge,4,2010.0
4.204653057464833,0.4659249307745104,6.225268469648169,0.462,4.445,3212.594,90,charge,4,2010.0
4.203281786542215,0.4585994368087375,6.225812203333149,0.454,4.44,3218.438,90,charge,4,2010.0
4.203495520800323,0.45997983453164865,6.24683206589358,0.454,4.44,3224.234,90,charge,4,2010.0
4.203446513940466,0.46054920755783235,6.261207801164476,0.454,4.44,3230.078,90,charge,4,2010.0
4.203474921250929,0.4581679216805947,6.287804707039097,0.454,4.44,3235.953,90,charge,4,2010.0
4.203671480065991,0.45792474818351003,6.2789263502661825,0.454,4.44,3241.75,90,charge,4,2010.0
4.203507898000922,0.45530734492296465,6.3016563862532005,0.454,4.44,3247.531,90,charge,4,2010.0
4.203808857553492,0.456950753273043,6.315861724670808,0.454,4.44,3253.328,90,charge,4,2010.0
4.203790379996078,0.45487335552788916,6.305777225248086,0.454,4.44,3259.188,90,charge,4,2010.0
4.204143917722026,0.45742753211817616,6.3061347058119,0.452,4.44,3265.047,90,charge,4,2010.0
4.204221056541134,0.4562558765778963,6.320044246356775,0.452,4.44,3270.844,90,charge,4,2010.0
4.204144942576696,0.4561554385842164,6.343625505807213,0.452,4.44,3276.641,90,charge,4,2010.0
4.204233105375584,0.45230554907662557,6.350291058155813,0.452,4.44,3282.531,90,charge,4,2010.0
4.2043215389961075,0.45546195960852803,6.3584295985858095,0.452,4.44,3288.391,90,charge,4,2010.0
4.204629025974074,0.4552566737654053,6.381615318643047,0.451,4.44,3294.188,90,charge,4,2010.0
4.204643435004617,0.45357381079977477,6.3800932374416615,0.451,4.44,3299.984,90,charge,4,2010.0
4.20470398018642,0.4527333411164893,6.389305921516804,0.451,4.44,3305.859,90,charge,4,2010.0
4.205121079221906,0.45810547396532314,6.391400465583009,0.451,4.44,3311.719,90,charge,4,2010.0
4.205122895377709,0.45253441925214594,6.412471019673315,0.451,4.44,3317.531,90,charge,4,2010.0
4.205189704374401,0.45593421252705724,6.405140732616064,0.449,4.44,3323.328,90,charge,4,2010.0
4.205214493565403,0.45272407932342773,6.406208984991304,0.449,4.44,3329.188,90,charge,4,2010.0
4.205475983760695,0.4547268363043515,6.4270554940494655,0.449,4.44,3335.047,90,charge,4,2010.0
4.205526419778409,0.4518859992581378,6.437631467552788,0.449,4.44,3340.859,90,charge,4,2010.0
4.205605455499292,0.453224294393781,6.451302849480948,0.449,4.44,3346.656,90,charge,4,2010.0
4.204202932351686,0.4432349801468113,6.465344947561728,0.44,4.434,3352.563,90,charge,4,2010.0
4.204156190059221,0.4414281665419309,6.464886970651193,0.44,4.434,3358.422,90,charge,4,2010.0
4.204354934911059,0.4445981421152639,6.478992856459624,0.44,4.434,3364.219,90,charge,4,2010.0
4.204338453028291,0.44142213429006333,6.5030202799502375,0.44,4.434,3370.016,90,charge,4,2010.0
4.2045510439186735,0.44219260573052327,6.50394699846277,0.44,4.434,3375.875,90,charge,4,2010.0
4.203146899990956,0.4358879549354409,6.504483883631378,0.432,4.429,3381.766,90,charge,4,2010.0
4.203290032911671,0.4360495691379872,6.495583765094216,0.432,4.429,3387.563,90,charge,4,2010.0
4.203204875775868,0.43561590966314534,6.514080077619487,0.432,4.429,3393.359,90,charge,4,2010.0
4.203180316374031,0.4329954118903555,6.524347592498889,0.432,4.429,3399.219,90,charge,4,2010.0
4.203626279547039,0.4374690389162906,6.553184209094744,0.432,4.429,3405.078,90,charge,4,2010.0
4.20358335353197,0.43636893576054847,6.545940540303531,0.432,4.429,3410.875,90,charge,4,2010.0
4.203528407755863,0.4353460258937732,6.54441547374198,0.432,4.429,3416.672,90,charge,4,2010.0
4.203804049588498,0.4346215221535741,6.547839238573706,0.43,4.429,3422.453,90,charge,4,2010.0
4.2035758080007675,0.4363803247882611,6.558943414214158,0.43,4.429,3428.313,90,charge,4,2010.0
4.203807016986766,0.4347311969627789,6.573569112804438,0.43,4.429,3434.172,90,charge,4,2010.0
4.204018555900406,0.43642598276167277,6.582001629305876,0.43,4.429,3439.969,90,charge,4,2010.0
4.204017735870953,0.43476185541735635,6.581077760995235,0.43,4.429,3445.797,90,charge,4,2010.0
4.204064555712146,0.435805786156426,6.580474958212545,0.43,4.429,3451.578,90,charge,4,2010.0
4.204106000006009,0.43351180952919444,6.590430749054518,0.429,4.429,3457.453,90,charge,4,2010.0
4.204224782507598,0.4327677658944241,6.570007460685042,0.429,4.429,3463.297,90,charge,4,2010.0
4.2044090241279894,0.43336413247015304,6.596247153513697,0.429,4.429,3469.109,90,charge,4,2010.0
4.204554890347703,0.4306158921721705,6.611666595798415,0.429,4.429,3474.891,90,charge,4,2010.0
4.204620356341628,0.4316005362943685,6.628345090391317,0.429,4.429,3480.672,90,charge,4,2010.0
4.204664882511666,0.4321632778393758,6.625358222224978,0.429,4.429,3486.531,90,charge,4,2010.0
4.204975630560843,0.4338903055001284,6.609252145707204,0.428,4.429,3492.375,90,charge,4,2010.0
4.205058800757941,0.43347251410442716,6.642006782317283,0.428,4.429,3498.234,90,charge,4,2010.0
4.205265593405132,0.43086110074582745,6.666732406533162,0.428,4.429,3504.031,90,charge,4,2010.0
4.205239501778805,0.4328992500272539,6.649417726289621,0.428,4.429,3509.844,90,charge,4,2010.0
4.205404981295664,0.43320032179739715,6.646743681921981,0.428,4.429,3515.625,90,charge,4,2010.0
4.205439647359748,0.43128838137556375,6.67059399635698,0.428,4.429,3521.484,90,charge,4,2010.0
4.205722218455827,0.429402968322629,6.676657869316094,0.428,4.429,3527.328,90,charge,4,2010.0
4.2043533328042,0.4209102461643124,6.679909569933623,0.418,4.423,3533.219,90,charge,4,2010.0
4.204328818909598,0.42085499389415226,6.702972825090195,0.418,4.423,3539.0,90,charge,4,2010.0
4.204536381325677,0.42266085077296484,6.7172506038013795,0.418,4.423,3544.797,90,charge,4,2010.0
4.204560708508941,0.4209662285737351,6.708117193533426,0.418,4.423,3550.563,90,charge,4,2010.0
4.20311443113068,0.41345300259523265,6.691754914734479,0.41,4.418,3556.453,90,charge,4,2010.0
4.202925313237663,0.4138673910261953,6.698043342975705,0.41,4.418,3562.297,90,charge,4,2010.0
4.202996849091608,0.41363091194753543,6.691811334728341,0.41,4.418,3568.141,90,charge,4,2010.0
4.203374821398865,0.41490120697861665,6.730746098615688,0.41,4.418,3573.953,90,charge,4,2010.0
4.203190402301918,0.4127101509796756,6.738158400239136,0.41,4.418,3579.734,90,charge,4,2010.0
4.203325833725926,0.41113469802677916,6.7227161094918175,0.41,4.418,3585.516,90,charge,4,2010.0
4.203306347003926,0.41046268603915476,6.721766841695328,0.41,4.418,3591.297,90,charge,4,2010.0
4.203638228668666,0.4174410108047854,6.719306277304209,0.409,4.418,3597.156,90,charge,4,2010.0
4.203466391002948,0.4134383416903695,6.7574643677318225,0.41,4.418,3603.016,90,charge,4,2010.0
4.203652367872104,0.4108328981808582,6.747919269217717,0.409,4.418,3608.797,90,charge,4,2010.0
4.2036794506118635,0.4115332883193137,6.783680030328921,0.409,4.418,3614.594,90,charge,4,2010.0
4.2038591128530705,0.41248804108390125,6.776300818460774,0.409,4.418,3620.406,90,charge,4,2010.0
4.203994368194499,0.412850618529702,6.782164464208313,0.409,4.418,3626.25,90,charge,4,2010.0
4.203915086525534,0.4109217855337076,6.774338858059804,0.409,4.418,3632.109,90,charge,4,2010.0
4.204066254841877,0.4135616444210812,6.769705740490931,0.407,4.418,3638.0,90,charge,4,2010.0
4.204282396587083,0.41097827069399745,6.806551710196902,0.407,4.418,3643.766,90,charge,4,2010.0
4.20427613472194,0.410614689480598,6.80201504632213,0.407,4.418,3649.563,90,charge,4,2010.0
4.204466734716707,0.4110055926735108,6.797721948663329,0.407,4.418,3655.344,90,charge,4,2010.0
4.2046175679886595,0.4089547268985387,6.785812939124667,0.407,4.418,3661.203,90,charge,4,2010.0
4.204790034830939,0.40878772877873676,6.806215853469325,0.407,4.418,3667.063,90,charge,4,2010.0
4.204935147921759,0.4086672792414847,6.8057696493185995,0.406,4.418,3672.859,90,charge,4,2010.0
4.204896818522985,0.40931377675603425,6.803968890310504,0.406,4.418,3678.641,90,charge,4,2010.0
4.20501193626843,0.4101428662290273,6.8355027983681875,0.406,4.418,3684.531,90,charge,4,2010.0
4.20522797841653,0.409190192954614,6.837753920085107,0.406,4.418,3690.359,90,charge,4,2010.0
4.205288066257592,0.4070940500167196,6.824184670005415,0.406,4.418,3696.219,90,charge,4,2010.0
4.205257845747667,0.4113246371927994,6.823297677730309,0.406,4.418,3702.016,90,charge,4,2010.0
4.205609418121016,0.4100800916265445,6.86016032679027,0.406,4.418,3707.813,90,charge,4,2010.0
4.204016260860221,0.4012958709337787,6.85804187268376,0.396,4.413,3713.703,90,charge,4,2010.0
4.203789996560808,0.3986725056629009,6.851386883238455,0.396,4.413,3719.547,90,charge,4,2010.0
4.204322193784206,0.40053630993970374,6.839827124535533,0.396,4.413,3725.406,90,charge,4,2010.0
4.204312918575439,0.40091277645974316,6.845752920798267,0.396,4.413,3731.188,90,charge,4,2010.0
4.2042968408102634,0.3963351300770833,6.85740885877434,0.396,4.413,3736.984,90,charge,4,2010.0
4.204438372604606,0.398236866400654,6.87830494047263,0.396,4.413,3742.766,90,charge,4,2010.0
4.204491922573895,0.3948555134259718,6.900593627107679,0.395,4.413,3748.547,90,charge,4,2010.0
4.204709533766987,0.3991871819916758,6.903799968196698,0.395,4.413,3754.406,90,charge,4,2010.0
4.204800916584199,0.3952052549221337,6.9072593530442665,0.395,4.413,3760.25,90,charge,4,2010.0
4.204908406047707,0.39690952087573333,6.900341143892998,0.395,4.413,3766.094,90,charge,4,2010.0
4.2047810326045285,0.3961561878136626,6.905890683215961,0.395,4.413,3772.594,90,charge,4,2010.0
4.205112315246425,0.39827070753843413,6.910851832971481,0.394,4.413,3778.438,90,charge,4,2010.0
4.205130545775016,0.39940436840624866,6.9131236445457995,0.394,4.413,3784.234,90,charge,4,2010.0
4.205217886985127,0.3972268393937873,6.940484969732756,0.394,4.413,3790.031,90,charge,4,2010.0
4.205263626570443,0.3969902277012886,6.941586029484014,0.394,4.413,3795.875,90,charge,4,2010.0
4.205544329293504,0.39599717846831084,6.946479797266501,0.394,4.413,3801.734,90,charge,4,2010.0
4.205512851990027,0.3984359348835304,6.957152106832515,0.394,4.413,3807.531,90,charge,4,2010.0
4.205828037634356,0.3986022650902617,6.941926623928663,0.394,4.413,3813.313,90,charge,4,2010.0
4.204272239058205,0.3863444081650104,6.959793479336946,0.384,4.407,3819.125,90,charge,4,2010.0
4.204328973801817,0.38888317527854427,6.962273155567123,0.384,4.407,3824.984,90,charge,4,2010.0
4.204498956201577,0.3871672011226124,6.95829650054214,0.384,4.407,3830.781,90,charge,4,2010.0
4.204485322813317,0.3869880670874766,6.99718868113358,0.384,4.407,3836.563,90,charge,4,2010.0
4.204539174144476,0.3879308923686347,6.977799167509688,0.384,4.407,3842.422,90,charge,4,2010.0
4.204586985625048,0.38802376062237126,6.99045520110852,0.384,4.407,3848.281,90,charge,4,2010.0
4.20480961650655,0.3869044593418081,6.984704215535939,0.384,4.407,3854.063,90,charge,4,2010.0
4.204893288389752,0.38588390283530083,6.996719610472031,0.384,4.407,3859.859,90,charge,4,2010.0
4.204995543507224,0.3878167277703201,6.992297266669556,0.383,4.407,3865.641,90,charge,4,2010.0
4.205146745165901,0.3876222268985205,6.99622644014945,0.383,4.407,3871.422,90,charge,4,2010.0
4.205226731835153,0.386062264117341,7.008609073034359,0.383,4.407,3877.281,90,charge,4,2010.0
4.205267191906537,0.38542786953927455,7.002547159302665,0.383,4.407,3883.125,90,charge,4,2010.0
4.205526731591607,0.3853435620636672,6.995365923223183,0.383,4.407,3888.922,90,charge,4,2010.0
4.205526473117342,0.3870079360946853,6.995105734728898,0.383,4.407,3894.703,90,charge,4,2010.0
4.205595138100556,0.3851463847700108,7.009474217159943,0.383,4.407,3900.5,90,charge,4,2010.0
4.204217969655058,0.376203326544593,7.010292854981163,0.373,4.402,3906.391,90,charge,4,2010.0
4.20435100092126,0.3780021553670359,7.010671346478671,0.373,4.402,3912.266,90,charge,4,2010.0
4.204454373428955,0.3772778128497149,7.020245333564185,0.373,4.402,3918.109,90,charge,4,2010.0
4.2045100678898475,0.3787083319764442,7.0109430927596605,0.373,4.402,3923.906,90,charge,4,2010.0
4.204507466302933,0.3791823058268381,7.01622142102505,0.373,4.402,3929.688,90,charge,4,2010.0
4.204703679344442,0.37971326189486015,7.02702717870975,0.373,4.402,3935.547,90,charge,4,2010.0
4.20475896443694,0.37421386179371835,7.021696889777579,0.373,4.402,3941.406,90,charge,4,2010.0
4.204758285297443,0.3739945228078576,7.029794396016206,0.373,4.402,3947.219,90,charge,4,2010.0
4.204920344141985,0.3768534951259744,7.0367083270201505,0.372,4.402,3953.016,90,charge,4,2010.0
4.204854990566384,0.3734446364658955,7.041006445796985,0.372,4.402,3958.859,90,charge,4,2010.0
4.204959201604605,0.3725643264187586,7.04561113138168,0.372,4.402,3964.719,90,charge,4,2010.0
4.205243876677564,0.3728219642267107,7.057933587609741,0.372,4.402,3970.516,90,charge,4,2010.0
4.205401271599277,0.3749052164458577,7.042763685665923,0.372,4.402,3976.297,90,charge,4,2010.0
4.205471149591528,0.3725221297102575,7.0553766703957015,0.372,4.402,3982.094,90,charge,4,2010.0
4.205495120078023,0.3744738833657826,7.0636499039385265,0.372,4.402,3987.953,90,charge,4,2010.0
4.205601836755197,0.3764219968024682,7.068985261923368,0.372,4.402,3993.797,90,charge,4,2010.0
4.204264811508292,0.36696586534878856,7.065572588466886,0.362,4.396,3999.688,90,charge,4,2010.0
4.204351343166054,0.3675383014488454,7.065815707872977,0.362,4.396,4005.469,90,charge,4,2010.0
4.204386626180864,0.36682907801954595,7.083666070325009,0.362,4.396,4011.266,90,charge,4,2010.0
4.2043693484572096,0.3638736131572854,7.081924793854889,0.362,4.396,4017.109,90,charge,4,2010.0
4.2045437687529255,0.36651789096740245,7.0881083288411215,0.362,4.396,4022.969,90,charge,4,2010.0
4.204719364865003,0.365545192164521,7.0944834637994045,0.362,4.396,4028.766,90,charge,4,2010.0
4.204647899241889,0.36602526880610387,7.08110886499223,0.362,4.396,4034.563,90,charge,4,2010.0
4.20460847500933,0.36518707794362815,7.1027452869044705,0.362,4.396,4040.422,90,charge,4,2010.0
4.204755330526444,0.3654015964792976,7.110543084204724,0.362,4.396,4046.281,90,charge,4,2010.0
4.204999382261999,0.3659293184410866,7.114578823058968,0.361,4.396,4052.063,90,charge,4,2010.0
4.205089186884632,0.3643488997461504,7.126844255023061,0.361,4.396,4057.859,90,charge,4,2010.0
4.205135758492988,0.3631916282874399,7.120456719551628,0.361,4.396,4063.75,90,charge,4,2010.0
4.205258945990585,0.36442832183211615,7.129526024331147,0.361,4.396,4069.609,90,charge,4,2010.0
4.205250674134259,0.3627212248102803,7.141572616250961,0.361,4.396,4075.391,90,charge,4,2010.0
4.205483975415779,0.36458037553325584,7.145372187307571,0.361,4.396,4081.188,90,charge,4,2010.0
4.205433553268323,0.36404812152882027,7.143151242448776,0.36,4.396,4087.047,90,charge,4,2010.0
4.205544896445589,0.363945883921372,7.134881942216557,0.36,4.396,4092.906,90,charge,4,2010.0
4.205740919738908,0.367193345586508,7.144834603045323,0.36,4.396,4098.719,90,charge,4,2010.0
4.2045337527744255,0.35621089434106734,7.143653517668162,0.352,4.391,4104.547,90,charge,4,2010.0
4.204503450764684,0.35367998997332,7.1412403745272846,0.352,4.391,4110.406,90,charge,4,2010.0
4.2043916480320265,0.3555816125343349,7.146257621404786,0.352,4.391,4116.281,90,charge,4,2010.0
4.204486330798871,0.35308320586028047,7.149523812529428,0.352,4.391,4122.078,90,charge,4,2010.0
4.204616866745462,0.35497304752886044,7.154370323359257,0.352,4.391,4127.859,90,charge,4,2010.0
4.204843891713491,0.35480730611028344,7.150458195003928,0.352,4.391,4133.734,90,charge,4,2010.0
4.204913787863971,0.35239246353812065,7.159718191441607,0.352,4.391,4139.578,90,charge,4,2010.0
4.20486033921698,0.35239725725185145,7.154842319612769,0.35,4.391,4145.469,90,charge,4,2010.0
4.205011416917274,0.3532082182529894,7.162971469991676,0.35,4.391,4151.344,90,charge,4,2010.0
4.2049687904447035,0.35477768870538007,7.16380171720537,0.35,4.391,4157.188,90,charge,4,2010.0
4.205280782276415,0.35323988311096105,7.17213164358566,0.35,4.391,4162.984,90,charge,4,2010.0
4.205275400593633,0.35218705173364273,7.167307268384342,0.35,4.391,4168.797,90,charge,4,2010.0
4.205437484849699,0.3526170446029018,7.1751757243602725,0.35,4.391,4174.656,90,charge,4,2010.0
4.205539650833507,0.35249547429314343,7.1767101961827775,0.349,4.391,4180.516,90,charge,4,2010.0
4.205454239053359,0.34994878617043135,7.184612536335858,0.349,4.391,4186.313,90,charge,4,2010.0
4.205585338431763,0.3515833866831991,7.185277913557768,0.349,4.391,4192.109,90,charge,4,2010.0
4.204292036696515,0.3437852058902048,7.1983545967619955,0.341,4.386,4198.0,90,charge,4,2010.0
4.2042181811068495,0.3432945257778791,7.205287431596816,0.341,4.386,4203.844,90,charge,4,2010.0
4.204472980540083,0.344171725911485,7.207467951585926,0.341,4.386,4209.703,90,charge,4,2010.0
4.204366950096779,0.3420233314195898,7.211978842830639,0.341,4.386,4215.5,90,charge,4,2010.0
4.204531153014734,0.3438453677821261,7.215122908474379,0.341,4.386,4221.281,90,charge,4,2010.0
4.204536536510059,0.34249033690780634,7.216617884960206,0.339,4.386,4227.141,90,charge,4,2010.0
4.204694804817767,0.34249421496807386,7.2131190183306595,0.339,4.386,4232.984,90,charge,4,2010.0
4.204738169835368,0.3418468517520367,7.229324565719921,0.339,4.386,4238.828,90,charge,4,2010.0
4.204783508819763,0.3445094296147955,7.226655948724938,0.339,4.386,4244.625,90,charge,4,2010.0
4.205067012156782,0.34174682926654515,7.228989903263265,0.339,4.386,4250.422,90,charge,4,2010.0
4.204993899056723,0.3438962148108293,7.223344899721382,0.339,4.386,4256.281,90,charge,4,2010.0
4.204959441072088,0.34286065812516353,7.224614939944972,0.339,4.386,4262.172,90,charge,4,2010.0
4.205178620304237,0.34145277584340944,7.218792350284423,0.339,4.386,4267.969,90,charge,4,2010.0
4.205446524190993,0.3414260285871364,7.227296269439531,0.339,4.386,4273.766,90,charge,4,2010.0
4.205418772705688,0.3414658434843841,7.225166906688386,0.339,4.386,4279.625,90,charge,4,2010.0
4.205384526949345,0.3399403100506519,7.241684322744651,0.338,4.386,4285.484,90,charge,4,2010.0
4.20552274725722,0.33968077025985555,7.233753179905163,0.338,4.386,4291.281,90,charge,4,2010.0
4.205719145116579,0.3399946456235831,7.241116947109839,0.338,4.386,4297.063,90,charge,4,2010.0
4.204271180957306,0.33344133747939786,7.230244008946764,0.33,4.38,4302.891,90,charge,4,2010.0
4.2043723336152095,0.33428854561148436,7.210834002880266,0.33,4.38,4308.734,90,charge,4,2010.0
4.204468583356747,0.3323705071535588,7.179277007029769,0.33,4.38,4314.609,90,charge,4,2010.0
4.204519388954135,0.33381141961208805,7.074683794103261,0.33,4.38,4320.391,90,charge,4,2010.0
4.204485026860138,0.3316687762181971,6.81464394142978,0.33,4.38,4326.188,90,charge,4,2010.0
4.204571835856372,0.3312761950689076,6.541296689458641,0.33,4.38,4332.047,90,charge,4,2010.0
4.204612143049228,0.3338639718297454,6.331071767475138,0.329,4.38,4337.891,90,charge,4,2010.0
4.204629536589736,0.33037917813042317,6.245979281672964,0.329,4.38,4343.766,90,charge,4,2010.0
4.204826986110233,0.32969342979388766,6.181100347926596,0.329,4.38,4349.563,90,charge,4,2010.0
4.204815944215255,0.33218806840432186,6.053673104908959,0.329,4.38,4355.344,90,charge,4,2010.0
4.205023145091162,0.3323711792798577,5.98238191091125,0.329,4.38,4361.203,90,charge,4,2010.0
4.205152549595347,0.3311122105254874,5.894394225200861,0.329,4.38,4367.078,90,charge,4,2010.0
4.2054314363796665,0.33085356206874267,5.7843649842003355,0.327,4.38,4372.875,90,charge,4,2010.0
4.205500322701452,0.3310316120208672,5.6685109385028305,0.327,4.38,4378.672,90,charge,4,2010.0
4.205621297515608,0.3303984009668004,5.577480228117752,0.327,4.38,4384.547,90,charge,4,2010.0
4.2041530778409015,0.3213301978284161,5.546449296616099,0.319,4.375,4390.422,90,charge,4,2010.0
4.204344815189235,0.3206543672239316,5.4733801424789466,0.319,4.375,4396.219,90,charge,4,2010.0
4.204364025594917,0.3210526536491335,5.364817985570346,0.319,4.375,4402.016,90,charge,4,2010.0
4.204422089995478,0.3205820752349222,5.282032792528825,0.318,4.375,4407.891,90,charge,4,2010.0
4.204667725709845,0.32041348798354424,5.171211573863646,0.318,4.375,4413.75,90,charge,4,2010.0
4.204826479531927,0.32219995631467746,5.117462034265275,0.318,4.375,4419.547,90,charge,4,2010.0
4.20498634431852,0.3188030064685062,5.1109036353352355,0.318,4.375,4425.328,90,charge,4,2010.0
4.204992316649503,0.3196626619479466,5.047718854511567,0.318,4.375,4431.125,90,charge,4,2010.0
4.205269311699757,0.3205861863274508,4.974828502391379,0.316,4.375,4437.0,90,charge,4,2010.0
4.2052569584858315,0.31775792082930954,4.936212234417617,0.316,4.375,4442.844,90,charge,4,2010.0
4.205597350031948,0.32010604988234226,4.906577938777785,0.316,4.375,4448.656,90,charge,4,2010.0
4.2039714649170214,0.30793021130230347,4.8580566436039865,0.307,4.369,4454.469,90,charge,4,2010.0
4.204376976701117,0.309474796620459,4.7753901470642655,0.307,4.369,4460.25,90,charge,4,2010.0
4.204272115589211,0.30883015473962,4.737828533869712,0.307,4.369,4466.109,90,charge,4,2010.0
4.204391448600042,0.30767220346977786,4.703461588960876,0.307,4.369,4471.984,90,charge,4,2010.0
4.204602948083128,0.3117830765152378,4.646475630658603,0.307,4.369,4477.781,90,charge,4,2010.0
4.204704932212086,0.3109859872085624,4.550487173192085,0.305,4.369,4483.578,90,charge,4,2010.0
4.204958862056919,0.3095754313513497,4.4952738200231535,0.305,4.369,4489.359,90,charge,4,2010.0
4.204944420644612,0.305590814310332,4.393486412194775,0.305,4.369,4495.219,90,charge,4,2010.0
4.205220098497709,0.3077718462923961,4.34413693057242,0.305,4.369,4501.078,90,charge,4,2010.0
4.205254680667016,0.30812880261603237,4.323231464243497,0.304,4.369,4506.953,90,charge,4,2010.0
4.20551188885491,0.30793476513646334,4.278331122691932,0.304,4.369,4512.813,90,charge,4,2010.0
4.205807395724919,0.30542841045526087,4.24254785088432,0.304,4.369,4518.609,90,charge,4,2010.0
4.204343340342304,0.29821965629486796,4.1972977567720875,0.296,4.364,4524.422,90,charge,4,2010.0
4.204493232275992,0.3006013771774982,4.152304455650526,0.296,4.364,4530.297,90,charge,4,2010.0
4.204603676594362,0.2989894919573315,4.232146694753015,0.296,4.364,4536.156,90,charge,4,2010.0
4.2047734416275055,0.2997485415918265,4.383008012917457,0.295,4.364,4541.953,90,charge,4,2010.0
4.204908715693757,0.2957766084403867,4.567860346905051,0.295,4.364,4547.75,90,charge,4,2010.0
4.205008889045577,0.2970062968595982,4.701634649196395,0.295,4.364,4553.625,90,charge,4,2010.0
4.205232738046771,0.29723358244240394,4.777800012290337,0.295,4.364,4559.469,90,charge,4,2010.0
4.205345388660267,0.29639534548062546,4.814726888636509,0.295,4.364,4565.344,90,charge,4,2010.0
4.205407038736264,0.2978098434815861,4.879947412745392,0.293,4.364,4571.266,90,charge,4,2010.0
4.205517014212002,0.29434231496066193,4.9229663469877805,0.293,4.364,4577.063,90,charge,4,2010.0
4.205669535991974,0.2957163050862407,4.97155425904585,0.293,4.364,4582.922,90,charge,4,2010.0
4.204503788117622,0.28471576716839414,5.034381280051861,0.285,4.359,4588.781,90,charge,4,2010.0
4.204294134499968,0.2876850713264949,5.07611755235424,0.285,4.359,4594.594,90,charge,4,2010.0
4.204577211619387,0.28549038864322,5.152554190913162,0.284,4.359,4600.469,90,charge,4,2010.0
4.204560870318317,0.289116367771428,5.178089614603313,0.284,4.359,4606.391,90,charge,4,2010.0
4.204800510680338,0.28766428161931706,5.188768926542122,0.284,4.359,4612.25,90,charge,4,2010.0
4.204702973244513,0.28867101769025505,5.237871736756276,0.284,4.359,4618.047,90,charge,4,2010.0
4.20464678424485,0.2845070499292228,5.269037161488365,0.284,4.359,4623.844,90,charge,4,2010.0
4.204910136798915,0.28281947751398206,5.257993654142478,0.284,4.359,4629.719,90,charge,4,2010.0
4.205237328843672,0.2886454730275825,5.272025308139731,0.284,4.359,4635.578,90,charge,4,2010.0
4.205104731182271,0.28321273392527757,5.29517153505156,0.284,4.359,4641.406,90,charge,4,2010.0
4.205283400546041,0.2832556539730804,5.3481454011713065,0.284,4.359,4647.203,90,charge,4,2010.0
4.205605735287299,0.2876598605596524,5.385766368316874,0.282,4.359,4653.063,90,charge,4,2010.0
4.205536246619281,0.28622950661037416,5.386496932118288,0.282,4.359,4658.922,90,charge,4,2010.0
4.205292515437136,0.28227457324952787,5.385362068900023,0.282,4.359,4664.719,90,charge,4,2010.0
4.205554975094117,0.28684959765539214,5.384698440819353,0.282,4.359,4670.547,90,charge,4,2010.0
4.205743107113453,0.2853898033441918,5.407018575357868,0.282,4.359,4676.422,90,charge,4,2010.0
4.205784452624975,0.28443422180726086,5.420514268617588,0.281,4.359,4682.281,90,charge,4,2010.0
4.205842260013651,0.28744894297412804,5.457975941028786,0.281,4.359,4688.094,90,charge,4,2010.0
4.205824314831932,0.280551254554673,5.4671368563112654,0.281,4.359,4693.891,90,charge,4,2010.0
4.206204845920949,0.2865584394330933,5.472041251574202,0.281,4.359,4699.75,90,charge,4,2010.0
4.206166195285378,0.28287439858956803,5.482278990939308,0.281,4.359,4705.625,90,charge,4,2010.0
4.206088448232632,0.27964048638469635,5.522209361415887,0.281,4.359,4711.516,90,charge,4,2010.0
4.206184491470825,0.28395016016463037,5.546939354421281,0.281,4.359,4717.375,90,charge,4,2010.0
4.206309763379308,0.283862916624378,5.557163089358972,0.28,4.359,4723.25,90,charge,4,2010.0
4.2064443317363995,0.28484679559611004,5.559536064423952,0.28,4.359,4729.047,90,charge,4,2010.0
4.206761228788205,0.2799988723259537,5.610859764161396,0.28,4.359,4734.859,90,charge,4,2010.0
4.205355088966872,0.2738431568783947,5.617576442182318,0.271,4.353,4740.75,90,charge,4,2010.0
4.205135733234172,0.27724092402014744,5.630775155808574,0.273,4.353,4746.609,90,charge,4,2010.0
4.205289377902591,0.27587696723083927,5.636178966088699,0.271,4.353,4752.406,90,charge,4,2010.0
4.205485970126059,0.27362866584970785,5.649467866577603,0.271,4.353,4758.203,90,charge,4,2010.0
4.205643826931578,0.2763386267923489,5.637459507905031,0.271,4.353,4764.078,90,charge,4,2010.0
4.203546248115723,0.2630794335693021,5.6306287163748925,0.263,4.348,4769.969,90,charge,4,2010.0
4.203804439347397,0.26703423228013623,5.650368705089405,0.263,4.348,4775.781,90,charge,4,2010.0
4.203677937539491,0.2679428068162495,5.683263778365124,0.263,4.348,4781.578,90,charge,4,2010.0
4.203619291968504,0.26423395796828575,5.7069525667665095,0.263,4.348,4787.438,90,charge,4,2010.0
4.2035770189978034,0.2631515360121831,5.707958027976052,0.263,4.348,4793.313,90,charge,4,2010.0
4.203933553897042,0.2650263628889512,5.735799059135758,0.263,4.348,4799.109,90,charge,4,2010.0
4.203875096527092,0.2618042527507191,5.720022297474862,0.263,4.348,4804.922,90,charge,4,2010.0
4.203996140314953,0.2657806466680968,5.717313488859587,0.263,4.348,4810.781,90,charge,4,2010.0
4.2036977255721,0.2670043348398423,5.747208524525693,0.263,4.348,4816.656,90,charge,4,2010.0
4.204097937026154,0.2663280992173264,5.791288838759186,0.263,4.348,4822.453,90,charge,4,2010.0
4.204027692808612,0.26599530339925154,5.814284834528515,0.263,4.348,4828.25,90,charge,4,2010.0
4.2042190529699575,0.26659982916775815,5.794693288436729,0.262,4.348,4834.141,90,charge,4,2010.0
4.204117284306086,0.2655480827625198,5.790753559232007,0.262,4.348,4840.016,90,charge,4,2010.0
4.204106944737966,0.2647327625107064,5.800832253318538,0.262,4.348,4845.813,90,charge,4,2010.0
4.204226835796994,0.2638304561046165,5.837620748431355,0.262,4.348,4851.609,90,charge,4,2010.0
4.20416867684319,0.26448845598458987,5.885442573064227,0.262,4.348,4857.484,90,charge,4,2010.0
4.204333921029627,0.2644520288195761,5.8695484686649415,0.262,4.348,4863.344,90,charge,4,2010.0
4.204434305397096,0.26418359686662646,5.857029403818881,0.262,4.348,4869.172,90,charge,4,2010.0
4.204531614470462,0.2672682376181814,5.885185879493321,0.262,4.348,4874.969,90,charge,4,2010.0
4.204698923706432,0.264715483500873,5.8775598292813,0.262,4.348,4880.828,90,charge,4,2010.0
4.204659209296873,0.26396334376290803,5.892612052246993,0.262,4.348,4886.703,90,charge,4,2010.0
4.204518751211758,0.26398910590085745,5.901488560924603,0.262,4.348,4892.5,90,charge,4,2010.0
4.20475161584442,0.26376318617572236,5.904872527156527,0.262,4.348,4898.313,90,charge,4,2010.0
4.204875605583537,0.26457987929776117,5.9193083119613155,0.261,4.348,4904.188,90,charge,4,2010.0
4.204932658381373,0.26289267187755605,5.929640010548496,0.261,4.348,4910.047,90,charge,4,2010.0
4.205056872196213,0.26283069631005274,5.947340528847561,0.261,4.348,4915.844,90,charge,4,2010.0
4.2051408552899625,0.2617306942940218,5.954732748665657,0.261,4.348,4921.656,90,charge,4,2010.0
4.205283093483442,0.26339178733281343,5.968917754935493,0.261,4.348,4927.516,90,charge,4,2010.0
4.205356426469142,0.26357828159651103,5.980016542299826,0.261,4.348,4933.375,90,charge,4,2010.0
4.205236706602749,0.26294060121842616,5.987159110065632,0.261,4.348,4939.266,90,charge,4,2010.0
4.205133790630179,0.26384615270924155,6.02161843804619,0.261,4.348,4945.141,90,charge,4,2010.0
4.205490318373085,0.2636666224349385,6.000836066320685,0.259,4.348,4951.0,90,charge,4,2010.0
4.2054991599630265,0.26153636414582543,6.01032549941904,0.259,4.348,4956.797,90,charge,4,2010.0
4.205619111718793,0.26455233183653176,6.0279655537343535,0.259,4.348,4962.609,90,charge,4,2010.0
4.205461845870227,0.26283374310609514,6.040838271403071,0.259,4.348,4968.484,90,charge,4,2010.0
4.205593126294755,0.26256505766019655,6.055602118778759,0.259,4.348,4974.359,90,charge,4,2010.0
4.205746506936398,0.2621341611552014,6.058148320738914,0.259,4.348,4980.156,90,charge,4,2010.0
4.205733545844978,0.2649353295337045,6.081697355825519,0.259,4.348,4985.953,90,charge,4,2010.0
4.205858375296622,0.26057172990622307,6.090591373942434,0.259,4.348,4991.828,90,charge,4,2010.0
4.20587689916667,0.26394592799944344,6.1032591912590615,0.259,4.348,4997.688,90,charge,4,2010.0
4.206081320349127,0.263447398270486,6.087749888878564,0.259,4.348,5003.563,90,charge,4,2010.0
4.2061518229514085,0.2623010408925967,6.0994761977742735,0.259,4.348,5009.438,90,charge,4,2010.0
4.20625902685381,0.26114183127472446,6.114217214380247,0.258,4.348,5015.297,90,charge,4,2010.0
4.2064588986732865,0.25891829250428483,6.131992289480332,0.258,4.348,5021.094,90,charge,4,2010.0
4.206366938054089,0.2607761876745595,6.132298274033282,0.258,4.348,5026.891,90,charge,4,2010.0
4.2064179765375505,0.26159913976017074,6.141782936256948,0.258,4.348,5032.672,90,charge,4,2010.0
4.206431250014154,0.26071201707392583,6.146287695013236,0.258,4.348,5038.547,90,charge,4,2010.0
4.206541807719059,0.26027047135863385,6.142655229457182,0.258,4.348,5044.406,90,charge,4,2010.0
4.206626024764512,0.2579862484828852,6.1589874163148695,0.258,4.348,5050.203,90,charge,4,2010.0
4.205252115112133,0.25232811962549945,6.146889829378154,0.25,4.342,5056.016,90,charge,4,2010.0
4.2051534817952,0.2520405899272837,6.152397440873,0.25,4.342,5061.875,90,charge,4,2010.0
4.205154083201418,0.250343405735144,6.19772096738289,0.25,4.342,5067.734,90,charge,4,2010.0
4.205136570621351,0.2523908841749559,6.197956013029755,0.25,4.342,5073.531,90,charge,4,2010.0
4.205443352501509,0.2526592854096648,6.217346438630124,0.25,4.342,5079.313,90,charge,4,2010.0
4.205365594001431,0.24924801617790632,6.192238638102017,0.248,4.342,5085.172,90,charge,4,2010.0
4.205402244133157,0.2510923253319711,6.225146924465214,0.248,4.342,5091.016,90,charge,4,2010.0
4.205381538660671,0.2531471813069528,6.245541368050792,0.248,4.342,5096.875,90,charge,4,2010.0
4.205472748181443,0.25213365949367406,6.24746985408492,0.248,4.342,5102.672,90,charge,4,2010.0
4.205694684194096,0.25221019407445,6.251580467074256,0.248,4.342,5108.531,90,charge,4,2010.0
4.2041886122351295,0.24190041416925928,6.265357625937768,0.24,4.337,5114.406,90,charge,4,2010.0
4.204157718632605,0.24443503708806674,6.269192545081765,0.24,4.337,5120.203,90,charge,4,2010.0
4.204081107496427,0.24569398188642066,6.313867531592506,0.24,4.337,5126.25,90,charge,4,2010.0
4.204168946459052,0.24025258401941518,6.305826537942335,0.24,4.337,5132.156,90,charge,4,2010.0
4.204029815340802,0.24353493142230426,6.296038101610137,0.24,4.337,5138.063,90,charge,4,2010.0
4.204149296212179,0.24388416983554004,6.28594645861674,0.24,4.337,5143.938,90,charge,4,2010.0
4.204034738513632,0.24203401891869097,6.310504984517359,0.24,4.337,5149.844,90,charge,4,2010.0
4.204201015417043,0.24210864464052337,6.308456510741076,0.24,4.337,5155.672,90,charge,4,2010.0
4.204147812550463,0.24478210942620907,6.340153614927846,0.24,4.337,5161.578,90,charge,4,2010.0
4.20428198660791,0.2417950870479867,6.323060670892181,0.24,4.337,5167.438,90,charge,4,2010.0
4.204368348626392,0.24111414302282494,6.339835703745883,0.24,4.337,5173.328,90,charge,4,2010.0
4.204476752871762,0.2421184726503638,6.362198077964313,0.24,4.337,5179.219,90,charge,4,2010.0
4.204449151365403,0.24375581440286037,6.349721256222767,0.24,4.337,5185.047,90,charge,4,2010.0
4.204411460853097,0.24336750871541246,6.363421297032479,0.24,4.337,5190.938,90,charge,4,2010.0
4.204550053692943,0.24490183636859642,6.365138777315554,0.24,4.337,5196.813,90,charge,4,2010.0
4.204634761694911,0.24051478006504937,6.350120217939157,0.24,4.337,5202.641,90,charge,4,2010.0
4.204725017272808,0.23911236866133184,6.3552001364527495,0.239,4.337,5208.5,90,charge,4,2010.0
4.204667473733426,0.23988688227644378,6.388202672926767,0.24,4.337,5214.391,90,charge,4,2010.0
4.2047149200220755,0.24242710942224946,6.391242739881286,0.239,4.337,5220.203,90,charge,4,2010.0
4.204763870605019,0.24112032656950896,6.388262699298243,0.239,4.337,5226.078,90,charge,4,2010.0
4.204807541539566,0.24063646475224912,6.396160129036649,0.239,4.337,5231.969,90,charge,4,2010.0
4.204769395107894,0.24153594922451666,6.424977256811273,0.239,4.337,5237.781,90,charge,4,2010.0
4.204925931278173,0.24185525050637427,6.447228020275204,0.239,4.337,5243.594,90,charge,4,2010.0
4.204929578550044,0.2405080284151096,6.44410898774497,0.239,4.337,5249.453,90,charge,4,2010.0
4.2048135096663355,0.24200533550542577,6.452523260312038,0.239,4.337,5255.344,90,charge,4,2010.0
4.205163706514997,0.24043024179213565,6.458138378714026,0.239,4.337,5261.141,90,charge,4,2010.0
4.205070190867236,0.2407105427946523,6.450707989197207,0.239,4.337,5267.016,90,charge,4,2010.0
4.205159166066861,0.24066023440187137,6.453012879716793,0.239,4.337,5272.906,90,charge,4,2010.0
4.205286329023415,0.2420392517000018,6.459759249459652,0.239,4.337,5278.719,90,charge,4,2010.0
4.205416082265305,0.24212892135724537,6.486811576724129,0.237,4.337,5284.516,90,charge,4,2010.0
4.205352390962933,0.24328348753193177,6.477543390176359,0.237,4.337,5290.375,90,charge,4,2010.0
4.2054332660280185,0.2412983565510255,6.480611461525588,0.237,4.337,5296.25,90,charge,4,2010.0
4.205675218032943,0.24042873900866382,6.48799267869615,0.237,4.337,5302.047,90,charge,4,2010.0
4.205655576550282,0.23758592309883203,6.48494603314419,0.237,4.337,5307.859,90,charge,4,2010.0
4.205543090135828,0.2387145625189084,6.483672634806668,0.237,4.337,5313.719,90,charge,4,2010.0
4.205671568358543,0.23919165073184986,6.495237329366394,0.237,4.337,5319.594,90,charge,4,2010.0
4.205815057150139,0.23989576393145295,6.494218528849083,0.237,4.337,5325.391,90,charge,4,2010.0
4.205817599011695,0.23936827966037966,6.5297500972652545,0.237,4.337,5331.188,90,charge,4,2010.0
4.205853831758365,0.23874472732417004,6.54898831533969,0.236,4.337,5337.063,90,charge,4,2010.0
4.205935382112298,0.24018793378458397,6.555411230320679,0.236,4.337,5342.922,90,charge,4,2010.0
4.206042421963041,0.24143497454760565,6.560324630205231,0.236,4.337,5348.813,90,charge,4,2010.0
4.206181080519597,0.24151573847497587,6.570570203522788,0.236,4.337,5354.672,90,charge,4,2010.0
4.206182281584801,0.2392145338410086,6.564626736045531,0.236,4.337,5360.547,90,charge,4,2010.0
4.206242472096726,0.23806677887771416,6.580019592641446,0.236,4.337,5366.344,90,charge,4,2010.0
4.206361557695582,0.23804124732342313,6.588103168515852,0.236,4.337,5372.156,90,charge,4,2010.0
4.206356283867505,0.23831712596673585,6.601608206532718,0.236,4.337,5378.016,90,charge,4,2010.0
4.206527361415116,0.24062738626094013,6.591140056584132,0.236,4.337,5383.891,90,charge,4,2010.0
4.206429420161709,0.23639334695552242,6.6147793154726795,0.236,4.337,5389.688,90,charge,4,2010.0
4.206730659482517,0.2359812219571222,6.613206058424397,0.236,4.337,5395.484,90,charge,4,2010.0
4.2052512928023305,0.2304846813479539,6.607892967053091,0.228,4.332,5401.391,90,charge,4,2010.0
4.205299038131173,0.22842771389916525,6.625493210289767,0.228,4.332,5407.266,90,charge,4,2010.0
4.205296423112762,0.23218501452262083,6.617545011090268,0.227,4.332,5413.063,90,charge,4,2010.0
4.205314301519009,0.23060751435079851,6.623457287103849,0.228,4.332,5418.859,90,charge,4,2010.0
4.205105298979097,0.23001940267555052,6.62732343768055,0.227,4.332,5424.719,90,charge,4,2010.0
4.205415999240344,0.22988957767828977,6.630206465003984,0.227,4.332,5430.594,90,charge,4,2010.0
4.205259394068373,0.22943381413813724,6.6426687813654945,0.227,4.332,5436.406,90,charge,4,2010.0
4.205299879825834,0.23104576804070523,6.658797437890628,0.227,4.332,5442.203,90,charge,4,2010.0
4.205439311518701,0.22990684576193351,6.654941151105241,0.227,4.332,5448.063,90,charge,4,2010.0
4.205324817196783,0.22818656047531852,6.648945066146373,0.227,4.332,5453.922,90,charge,4,2010.0
4.2056044957800385,0.2283906277731696,6.6632815072747045,0.227,4.332,5459.734,90,charge,4,2010.0
4.205751120751049,0.2312286954450845,6.656050602307842,0.227,4.332,5465.531,90,charge,4,2010.0
4.205573516210894,0.22817301487612446,6.659874981923172,0.227,4.332,5471.406,90,charge,4,2010.0
4.205678272438861,0.22935470566000202,6.662419676647393,0.227,4.332,5477.266,90,charge,4,2010.0
4.205893626442119,0.22919851721084292,6.675925829606956,0.227,4.332,5483.063,90,charge,4,2010.0
4.205828489918771,0.22828765572366863,6.679531001046272,0.227,4.332,5488.859,90,charge,4,2010.0
4.205951534947634,0.23029381924458442,6.680196957902683,0.227,4.332,5494.734,90,charge,4,2010.0
4.205986497666569,0.22965598199817414,6.68852304621914,0.227,4.332,5500.594,90,charge,4,2010.0
4.205980624400971,0.22885897051183585,6.69825859809251,0.225,4.332,5506.453,90,charge,4,2010.0
4.2059979763378665,0.22803197819190257,6.6901910833328655,0.225,4.332,5512.25,90,charge,4,2010.0
4.2061257217614925,0.22746226984248652,6.683907965693139,0.225,4.332,5518.109,90,charge,4,2010.0
4.206264447878969,0.22778558778220778,6.7039033934595915,0.225,4.332,5523.984,90,charge,4,2010.0
4.206271225817623,0.2276571611195085,6.704610455603274,0.225,4.332,5529.797,90,charge,4,2010.0
4.206374576255231,0.2288476842893808,6.702230803432782,0.225,4.332,5535.594,90,charge,4,2010.0
4.20642350404645,0.22729197652309757,6.704397770504847,0.225,4.332,5541.469,90,charge,4,2010.0
4.206422165644485,0.22735206738902886,6.722073671792806,0.225,4.332,5547.328,90,charge,4,2010.0
4.206602940974373,0.2280550924239368,6.719474300495502,0.225,4.332,5553.125,90,charge,4,2010.0
4.2049113490424865,0.21772077168597223,6.7237894583121625,0.216,4.326,5558.953,90,charge,4,2010.0
4.204990223567078,0.21967262827270517,6.724058533445923,0.216,4.326,5564.828,90,charge,4,2010.0
4.205074563439653,0.22015200371430013,6.7494799783962245,0.216,4.326,5570.688,90,charge,4,2010.0
4.205091538055094,0.22027557944632967,6.744831078596988,0.216,4.326,5576.484,90,charge,4,2010.0
4.204909324153969,0.21899781197419035,6.753453585262445,0.216,4.326,5582.281,90,charge,4,2010.0
4.204978056150718,0.21804593974959502,6.748476604803628,0.216,4.326,5588.141,90,charge,4,2010.0
4.205046655340822,0.2194710301660357,6.752542348872802,0.216,4.326,5594.0,90,charge,4,2010.0
4.205294046495053,0.21802416460757032,6.7599038722126075,0.216,4.326,5599.875,90,charge,4,2010.0
4.20519931998378,0.21709872767239558,6.7662621154623785,0.216,4.326,5605.672,90,charge,4,2010.0
4.205264781046614,0.21875172544238627,6.774363007299853,0.216,4.326,5611.531,90,charge,4,2010.0
4.2052947123364195,0.21932756883763654,6.767581701262699,0.216,4.326,5617.391,90,charge,4,2010.0
4.205095679274323,0.22005346616455526,6.774473600950247,0.216,4.326,5623.203,90,charge,4,2010.0
4.2054273900945445,0.2168827952188329,6.783626953913375,0.216,4.326,5629.0,90,charge,4,2010.0
4.205381329186174,0.21805568757248467,6.786150120239099,0.216,4.326,5634.875,90,charge,4,2010.0
4.205397794529182,0.21878787261661925,6.801269431208242,0.216,4.326,5640.781,90,charge,4,2010.0
4.2055883752903105,0.2164671562166687,6.809891862257307,0.214,4.326,5646.672,90,charge,4,2010.0
4.203925626470969,0.21044335783307405,6.808738657823,0.208,4.321,5652.578,90,charge,4,2010.0
4.2040368165287845,0.20812535120866693,6.832240430604383,0.208,4.321,5658.453,90,charge,4,2010.0
4.203972359947302,0.2098492451755723,6.821043006278058,0.208,4.321,5664.234,90,charge,4,2010.0
4.20404344684332,0.2102439427727861,6.82879397201901,0.208,4.321,5670.047,90,charge,4,2010.0
4.20406353002838,0.20821917281267627,6.823888303983458,0.208,4.321,5675.906,90,charge,4,2010.0
4.204083794626036,0.20947006694074422,6.833648551381306,0.208,4.321,5681.781,90,charge,4,2010.0
4.20428693652934,0.20852620750075265,6.83945287845579,0.208,4.321,5687.594,90,charge,4,2010.0
4.204161763870554,0.20902620106785336,6.83409330947253,0.208,4.321,5693.391,90,charge,4,2010.0
4.204207816296429,0.20906948803705744,6.841637686420302,0.206,4.321,5699.25,90,charge,4,2010.0
4.204225880127614,0.20817985178527088,6.84979749790543,0.208,4.321,5705.125,90,charge,4,2010.0
4.204189514840013,0.20600546621682073,6.85339590948251,0.206,4.321,5710.922,90,charge,4,2010.0
4.204201010956198,0.2094536689524347,6.8519087557515554,0.206,4.321,5716.719,90,charge,4,2010.0
4.204450964582883,0.20857566642660258,6.856455230758817,0.206,4.321,5722.594,90,charge,4,2010.0
4.204441690782882,0.2069161592571605,6.863521404642549,0.206,4.321,5728.453,90,charge,4,2010.0
4.2043819928358435,0.20694691964909398,6.865376735782407,0.206,4.321,5734.25,90,charge,4,2010.0
4.20446027675352,0.20573675624442853,6.866155363866449,0.206,4.321,5740.047,90,charge,4,2010.0
4.204499747742677,0.20814079148834216,6.877223931261838,0.206,4.321,5745.906,90,charge,4,2010.0
4.204476500817058,0.20817034645043103,6.882324797759568,0.206,4.321,5751.766,90,charge,4,2010.0
4.2047552311685585,0.21095242411073883,6.883122079970891,0.206,4.321,5757.641,90,charge,4,2010.0
4.204622626198262,0.20548407899339094,6.8996009569859424,0.206,4.321,5763.5,90,charge,4,2010.0
4.204604560753306,0.20754693641408584,6.906158401442911,0.206,4.321,5769.375,90,charge,4,2010.0
4.204797220146765,0.20735506004833837,6.906562888703205,0.205,4.321,5775.156,90,charge,4,2010.0
4.204813069360024,0.20778518771169713,6.89740730314672,0.206,4.321,5780.969,90,charge,4,2010.0
4.204851632873884,0.20542248341312333,6.893624247877061,0.205,4.321,5786.828,90,charge,4,2010.0
4.20491421067978,0.20800056160766917,6.897831066240537,0.205,4.321,5792.688,90,charge,4,2010.0
4.204996008304955,0.2067935540920569,6.905006269506539,0.205,4.321,5798.484,90,charge,4,2010.0
4.205079822933878,0.2052631455107386,6.9115582890558205,0.205,4.321,5804.281,90,charge,4,2010.0
4.205032770357591,0.2066057901141162,6.92112875405031,0.205,4.321,5810.141,90,charge,4,2010.0
4.205186722166764,0.2049348758645317,6.931119042743457,0.205,4.321,5816.0,90,charge,4,2010.0
4.205235288728414,0.20511727669283625,6.9277338356676195,0.205,4.321,5821.859,90,charge,4,2010.0
4.205162706826657,0.20583353287118222,6.935368638918396,0.205,4.321,5827.656,90,charge,4,2010.0
4.205390849410639,0.2095285847764452,6.93306057744285,0.205,4.321,5833.516,90,charge,4,2010.0
4.205354943018455,0.2078921841824435,6.949078386683917,0.205,4.321,5839.391,90,charge,4,2010.0
4.205532771504098,0.20402676453473823,6.96138203776855,0.205,4.321,5845.219,90,charge,4,2010.0
4.205563186940008,0.2054958666615643,6.967064929860663,0.204,4.321,5851.094,90,charge,4,2010.0
4.205509896893028,0.2077238164777356,6.972914667056654,0.204,4.321,5856.953,90,charge,4,2010.0
4.205506749325431,0.2069165063255355,6.984892982649862,0.204,4.321,5862.813,90,charge,4,2010.0
4.205615759053224,0.20565948775758353,6.980650839985954,0.204,4.321,5868.609,90,charge,4,2010.0
4.2058580876503715,0.2071230748690448,6.987365582691252,0.204,4.321,5874.406,90,charge,4,2010.0
4.20585547959076,0.205641655391016,6.982410450604183,0.204,4.321,5880.25,90,charge,4,2010.0
4.205783449055724,0.20447563428608856,6.952895610684148,0.204,4.321,5886.125,90,charge,4,2010.0
4.205983782866951,0.20380612681640756,6.921600470451146,0.204,4.321,5891.938,90,charge,4,2010.0
4.205970772319435,0.205720206235287,6.802886893690012,0.204,4.321,5897.719,90,charge,4,2010.0
4.206141494106047,0.20697243988721872,6.579317406661317,0.204,4.321,5903.578,90,charge,4,2010.0
4.20598174281935,0.20657647602134133,6.283679867049818,0.202,4.321,5909.453,90,charge,4,2010.0
4.206188246803279,0.20357932184085722,6.065205347381492,0.204,4.321,5915.234,90,charge,4,2010.0
4.206159310488244,0.2072139834386691,5.937687901301254,0.202,4.321,5921.031,90,charge,4,2010.0
4.206301507098809,0.20489945227684525,5.831018252807589,0.202,4.321,5926.891,90,charge,4,2010.0
4.20637808356368,0.20417797382896016,5.718836348005466,0.202,4.321,5932.766,90,charge,4,2010.0
4.206464087397505,0.20046267650980243,5.663805358597729,0.202,4.321,5938.563,90,charge,4,2010.0
4.20643520247456,0.2037130405461109,5.6037461775867214,0.202,4.321,5944.359,90,charge,4,2010.0
4.20657531520148,0.20471042695892197,5.508935742610464,0.202,4.321,5950.219,90,charge,4,2010.0
4.205348843695259,0.19608251382388275,5.383454925180224,0.193,4.315,5956.109,90,charge,4,2010.0
4.2052271088479705,0.19595640060486766,5.299998464536729,0.194,4.315,5961.906,90,charge,4,2010.0
4.205439490961283,0.1953918435899046,5.223045700242871,0.194,4.315,5967.703,90,charge,4,2010.0
4.2054422915143785,0.19506125377401068,5.223371040427107,0.193,4.315,5973.578,90,charge,4,2010.0
4.205533456351913,0.1962935156315933,5.182717439968849,0.193,4.315,5979.438,90,charge,4,2010.0
4.205560807850535,0.19564517915477253,5.039713594572533,0.193,4.315,5985.234,90,charge,4,2010.0
4.20421129839174,0.18842601960819216,5.018342701089631,0.185,4.31,5991.063,90,charge,4,2010.0
4.204134527548509,0.18530319141104265,4.900025952150998,0.185,4.31,5996.938,90,charge,4,2010.0
4.204230883377207,0.18876197897049865,4.806689769940823,0.185,4.31,6002.797,90,charge,4,2010.0
4.204068247769992,0.18741060876934224,4.803666049862178,0.185,4.31,6008.609,90,charge,4,2010.0
4.204006297221452,0.1854829780839568,4.754040628591928,0.185,4.31,6014.391,90,charge,4,2010.0
4.2045270940293955,0.18702034287773897,4.669913328718186,0.185,4.31,6020.266,90,charge,4,2010.0
4.204352009881511,0.18733886131366478,4.601620825100892,0.185,4.31,6026.125,90,charge,4,2010.0
4.204670276202578,0.18518771198472023,4.507549631458977,0.185,4.31,6032.0,90,charge,4,2010.0
4.204428189369521,0.18632990466903815,4.431362022029311,0.185,4.31,6037.875,90,charge,4,2010.0
4.204531383110327,0.1861682778533188,4.4240336056668275,0.183,4.31,6043.781,90,charge,4,2010.0
4.204866419183809,0.1858597231763028,4.364185495312453,0.183,4.31,6049.578,90,charge,4,2010.0
4.204876128878053,0.18816755551076292,4.344799508427792,0.183,4.31,6055.359,90,charge,4,2010.0
4.204872546549397,0.18435537925667167,4.287793045074273,0.183,4.31,6061.156,90,charge,4,2010.0
4.20486235797086,0.18692559720814664,4.226063547749061,0.183,4.31,6067.016,90,charge,4,2010.0
4.205113118411628,0.18696563851418893,4.14016752144044,0.183,4.31,6072.875,90,charge,4,2010.0
4.2053131072071075,0.1876458970605901,4.115944368602165,0.183,4.31,6078.672,90,charge,4,2010.0
4.205330715697106,0.18324456754845306,4.047013763437301,0.183,4.31,6084.453,90,charge,4,2010.0
4.205365255859681,0.18253608568744217,4.0130066683817525,0.182,4.31,6090.313,90,charge,4,2010.0
4.205494431270824,0.18416098246596022,3.9641008212044606,0.182,4.31,6096.172,90,charge,4,2010.0
4.205601638088238,0.18373122866294345,3.8933247219441918,0.182,4.31,6101.969,90,charge,4,2010.0
4.205811476607461,0.18161115931702984,4.036824904793269,0.182,4.31,6107.75,90,charge,4,2010.0
4.205884185012593,0.181863803351239,4.172484635196316,0.182,4.31,6113.625,90,charge,4,2010.0
4.205671740259193,0.17956945072632038,4.345370900578228,0.182,4.31,6119.469,90,charge,4,2010.0
4.2059859526826635,0.1831495747432808,4.508685588910878,0.182,4.31,6125.344,90,charge,4,2010.0
4.2060539264939845,0.18427901106165634,4.6064209025803855,0.18,4.31,6131.219,90,charge,4,2010.0
4.206325090814942,0.18320758565755538,4.68972128145861,0.18,4.31,6137.078,90,charge,4,2010.0
4.206301274883622,0.18183697363018303,4.738309364350866,0.18,4.31,6142.859,90,charge,4,2010.0
4.206419058901541,0.18089711225604685,4.769478926923363,0.18,4.31,6148.656,90,charge,4,2010.0
4.20655035187102,0.18322093767418854,4.848327167585119,0.18,4.31,6154.516,90,charge,4,2010.0
4.205122955394014,0.17348821761256855,4.8872746267862,0.171,4.305,6160.406,90,charge,4,2010.0
4.205127517188371,0.17343265042945585,4.938394721403467,0.171,4.305,6166.203,90,charge,4,2010.0
4.205035410673999,0.17450572257376937,4.973738606284861,0.171,4.305,6171.984,90,charge,4,2010.0
4.2054236530166635,0.17449036750565147,5.006135965077752,0.171,4.305,6177.859,90,charge,4,2010.0
4.205256103888464,0.17314068694960383,5.018943863164201,0.171,4.305,6183.719,90,charge,4,2010.0
4.2051893911719125,0.1741999884263126,5.053471048960391,0.171,4.305,6189.516,90,charge,4,2010.0
4.205211483815541,0.17465234117194922,5.06464346864267,0.171,4.305,6195.313,90,charge,4,2010.0
4.205356055972882,0.17241469916898314,5.092598588156357,0.171,4.305,6201.172,90,charge,4,2010.0
4.205517858718036,0.17339351996420488,5.118890838184728,0.171,4.305,6207.031,90,charge,4,2010.0
4.205455515041445,0.17287038290051643,5.126873103010236,0.171,4.305,6212.828,90,charge,4,2010.0
4.205519000101425,0.17323237179761988,5.151463805557709,0.171,4.305,6218.609,90,charge,4,2010.0
4.205487682301508,0.1722388339814982,5.195970521650393,0.171,4.305,6224.5,90,charge,4,2010.0
4.205537432755092,0.17330865201477577,5.2251766868252645,0.171,4.305,6230.359,90,charge,4,2010.0
4.205676249696885,0.17331193755193108,5.231999237941104,0.171,4.305,6236.156,90,charge,4,2010.0
4.205645909158494,0.1722878645832877,5.240282573666344,0.171,4.305,6241.938,90,charge,4,2010.0
4.205727074593528,0.17357782538357008,5.217113578015515,0.171,4.305,6247.813,90,charge,4,2010.0
4.205789434653578,0.1733137906962411,5.250592265080612,0.171,4.305,6253.672,90,charge,4,2010.0
4.205736540138293,0.17362209250335559,5.300397215406963,0.171,4.305,6259.484,90,charge,4,2010.0
4.205874123571747,0.16994839916390175,5.308048405299551,0.17,4.305,6265.266,90,charge,4,2010.0
4.205803271703631,0.17209416801235292,5.334532790315966,0.17,4.305,6271.125,90,charge,4,2010.0
4.205859518811007,0.17334367873942616,5.349390941416436,0.17,4.305,6277.0,90,charge,4,2010.0
4.206059817527916,0.17318596028017497,5.337935366812187,0.17,4.305,6282.781,90,charge,4,2010.0
4.205985109166468,0.1711279400230273,5.354523037669016,0.17,4.305,6288.594,90,charge,4,2010.0
4.206224391230943,0.17445392869432183,5.372847762771849,0.17,4.305,6294.453,90,charge,4,2010.0
4.206049637984153,0.1709734835007875,5.418015908112313,0.17,4.305,6300.313,90,charge,4,2010.0
4.2062049471973,0.17176472685407,5.429073964407882,0.17,4.305,6306.109,90,charge,4,2010.0
4.206441342889264,0.17160164185077106,5.438462809676823,0.17,4.305,6311.906,90,charge,4,2010.0
4.206487015604278,0.1719068613552162,5.448890021568152,0.17,4.305,6317.766,90,charge,4,2010.0
4.206355609692299,0.17155108008785266,5.462245734944973,0.17,4.305,6323.609,90,charge,4,2010.0
4.206596060648564,0.17292336580993414,5.486295311602278,0.168,4.305,6329.5,90,charge,4,2010.0
4.205126592776968,0.1623306702322984,5.49460861801772,0.161,4.299,6335.375,90,charge,4,2010.0
4.205124162524971,0.16244852364052476,5.501175704210439,0.161,4.299,6341.25,90,charge,4,2010.0
4.205105686028865,0.15911441565838205,5.524763447982194,0.161,4.299,6347.031,90,charge,4,2010.0
4.205195908714475,0.16187524530739528,5.530067517519917,0.161,4.299,6352.828,90,charge,4,2010.0
4.205001874338164,0.16442566193000882,5.547505699381907,0.161,4.299,6358.688,90,charge,4,2010.0
4.20510719345859,0.1648084748938661,5.566118740399901,0.161,4.299,6364.547,90,charge,4,2010.0
4.205139481180269,0.16020423025195718,5.572539069536015,0.161,4.299,6370.344,90,charge,4,2010.0
4.205001100262573,0.16097565859705062,5.584894154389987,0.161,4.299,6376.141,90,charge,4,2010.0
4.2049324456665325,0.16419057884841637,5.584800700389153,0.161,4.299,6382.0,90,charge,4,2010.0
4.205084574355604,0.16536222090345198,5.60034622110675,0.16,4.299,6387.859,90,charge,4,2010.0
4.205324194388674,0.1613455169581274,5.610208284894467,0.16,4.299,6393.656,90,charge,4,2010.0
4.20506377533208,0.16100098220652267,5.627310990349578,0.16,4.299,6399.453,90,charge,4,2010.0
4.2052484800532675,0.16078068604007445,5.6828307770930735,0.16,4.299,6405.297,90,charge,4,2010.0
4.205286176730956,0.16325476152514554,5.660956288282594,0.16,4.299,6411.156,90,charge,4,2010.0
4.205175505717463,0.1598342700195104,5.6585207329534795,0.16,4.299,6416.953,90,charge,4,2010.0
4.205333430187122,0.16197651637871835,5.671681513539669,0.16,4.299,6422.75,90,charge,4,2010.0
4.205327358281194,0.1620173481900342,5.68070916583892,0.16,4.299,6428.609,90,charge,4,2010.0
4.2053083226208186,0.1638660762407713,5.681042512896528,0.16,4.299,6434.453,90,charge,4,2010.0
4.205319172394331,0.16211371266036698,5.717124635946175,0.16,4.299,6440.328,90,charge,4,2010.0
4.205502396054451,0.16126372055952604,5.725859886840419,0.16,4.299,6446.188,90,charge,4,2010.0
4.205520548710153,0.16093220068966865,5.7383722475828804,0.16,4.299,6452.047,90,charge,4,2010.0
4.205522045855624,0.1606980578326595,5.750960863660324,0.16,4.299,6457.844,90,charge,4,2010.0
4.205661421417532,0.1586412058349173,5.76312402728211,0.16,4.299,6463.625,90,charge,4,2010.0
4.205386538361574,0.16275363254165087,5.7745375179539185,0.16,4.299,6469.484,90,charge,4,2010.0
4.205567700568294,0.16061512692411115,5.762179698587664,0.16,4.299,6475.344,90,charge,4,2010.0
4.205605454203849,0.16165379245977315,5.785651453452821,0.16,4.299,6481.141,90,charge,4,2010.0
4.205695126397874,0.16195265138571718,5.808297094422116,0.16,4.299,6486.922,90,charge,4,2010.0
4.205680811883691,0.16070174441659846,5.8206628997803875,0.159,4.299,6492.781,90,charge,4,2010.0
4.2057950525510694,0.15938846530233536,5.837548737720541,0.159,4.299,6498.641,90,charge,4,2010.0
4.205913115522452,0.1598624229168217,5.837277070959058,0.159,4.299,6504.5,90,charge,4,2010.0
4.205689742485238,0.16162866702294484,5.841982569690852,0.16,4.299,6510.297,90,charge,4,2010.0
4.205862443796866,0.16097308266535476,5.847082269792449,0.159,4.299,6516.156,90,charge,4,2010.0
4.205803887674614,0.16146448569955896,5.849448907390916,0.159,4.299,6522.016,90,charge,4,2010.0
4.206078890485115,0.1603585740262808,5.874033214245366,0.159,4.299,6527.828,90,charge,4,2010.0
4.206132627496601,0.16139434232703456,5.897707570466272,0.159,4.299,6533.625,90,charge,4,2010.0
4.205960667451864,0.1613032536574097,5.91123063307059,0.159,4.299,6539.484,90,charge,4,2010.0
4.206058453505778,0.16045310795370904,5.901497467222007,0.159,4.299,6545.344,90,charge,4,2010.0
4.206368477243526,0.1597547296021569,5.9001210695413615,0.159,4.299,6551.141,90,charge,4,2010.0
4.206170166200853,0.159637571835529,5.919273620404159,0.159,4.299,6556.938,90,charge,4,2010.0
4.2061735491558965,0.1594451065531773,5.938547569482634,0.159,4.299,6562.719,90,charge,4,2010.0
4.206212062434671,0.15890582228439368,5.964343371117185,0.159,4.299,6568.578,90,charge,4,2010.0
4.206316364631225,0.15978701802260437,5.963367728817919,0.159,4.299,6574.453,90,charge,4,2010.0
4.206339112796002,0.16105499662481185,5.954364009827916,0.159,4.299,6580.234,90,charge,4,2010.0
4.206387046848749,0.16026747264878174,5.974131192167715,0.157,4.299,6586.031,90,charge,4,2010.0
4.206468109827644,0.16063729124390924,5.988746302964979,0.157,4.299,6591.828,90,charge,4,2010.0
4.20640733447217,0.15698013987471257,6.006606207859494,0.157,4.299,6597.688,90,charge,4,2010.0
4.20644496799939,0.15898196390705396,6.024515525991781,0.157,4.299,6603.547,90,charge,4,2010.0
4.206396341477494,0.16161796416105975,6.012495842213521,0.157,4.299,6609.328,90,charge,4,2010.0
4.206701203480193,0.16044057297211173,6.0119611499773,0.157,4.299,6615.125,90,charge,4,2010.0
4.205026035167597,0.15261336116903623,6.0093056043294855,0.149,4.294,6621.016,90,charge,4,2010.0
4.20511998258968,0.15472380220936294,6.035621785354698,0.149,4.294,6626.875,90,charge,4,2010.0
4.205066422394137,0.1520673657920803,6.037231804473523,0.149,4.294,6632.672,90,charge,4,2010.0
4.2049753992871635,0.1515177266263931,6.067094739153128,0.149,4.294,6638.469,90,charge,4,2010.0
4.2051651880915735,0.1494060081346782,6.063149827929267,0.149,4.294,6644.328,90,charge,4,2010.0
4.205065152780708,0.1515073838453753,6.059072818123924,0.149,4.294,6650.188,90,charge,4,2010.0
4.205286256926848,0.1528596690672238,6.052338091651984,0.149,4.294,6655.984,90,charge,4,2010.0
4.204994504000382,0.15136368745675433,6.065333740130773,0.149,4.294,6661.781,90,charge,4,2010.0
4.204998602515227,0.15223762334391952,6.109554318243539,0.149,4.294,6667.656,90,charge,4,2010.0
4.20509637401615,0.15248201961804533,6.11066199433784,0.149,4.294,6673.516,90,charge,4,2010.0
4.205377465442075,0.1521963951986425,6.105040226935077,0.149,4.294,6679.313,90,charge,4,2010.0
4.205231314140315,0.15141352800009847,6.111562616024106,0.149,4.294,6685.125,90,charge,4,2010.0
4.205391867447562,0.1498771435206079,6.141946394734977,0.149,4.294,6690.984,90,charge,4,2010.0
4.2051526465404905,0.15060424155974253,6.147847724716584,0.149,4.294,6696.859,90,charge,4,2010.0
4.205179132778553,0.14975411538031272,6.145409210409712,0.149,4.294,6702.656,90,charge,4,2010.0
4.205271795658174,0.1506412814512601,6.1627562259987085,0.149,4.294,6708.453,90,charge,4,2010.0
4.205311821850316,0.15055893267342982,6.183490342577055,0.149,4.294,6714.313,90,charge,4,2010.0
4.20546730804828,0.1493707081839292,6.188040455211809,0.149,4.294,6720.172,90,charge,4,2010.0
4.205457678115258,0.15062629263615965,6.1960571105937845,0.149,4.294,6726.047,90,charge,4,2010.0
4.205443561728695,0.1489601749617296,6.198839740737052,0.149,4.294,6731.906,90,charge,4,2010.0
4.205537064920891,0.15031798920779615,6.202310711249981,0.149,4.294,6737.781,90,charge,4,2010.0
4.205530945481817,0.14911202711462426,6.205008915276062,0.149,4.294,6743.578,90,charge,4,2010.0
4.205284228352182,0.15135308824644803,6.20162521147392,0.149,4.294,6749.375,90,charge,4,2010.0
4.205773382135497,0.1526367793827016,6.2017504883660335,0.149,4.294,6755.234,90,charge,4,2010.0
4.205656385856629,0.15399197647619497,6.223955663353438,0.149,4.294,6761.109,90,charge,4,2010.0
4.205490480327446,0.148623657170353,6.226246437031551,0.149,4.294,6766.906,90,charge,4,2010.0
4.205639369422857,0.14657430101647562,6.244549808019764,0.149,4.294,6772.703,90,charge,4,2010.0
4.205788721328097,0.15117353623721916,6.2432688357838755,0.149,4.294,6778.563,90,charge,4,2010.0
4.2055444597402625,0.15223919353894855,6.261384160029859,0.149,4.294,6784.422,90,charge,4,2010.0
4.205932147251066,0.1490237751606682,6.285070043773067,0.148,4.294,6790.313,90,charge,4,2010.0
4.205811636160783,0.14847406634822433,6.289291639988134,0.148,4.294,6796.172,90,charge,4,2010.0
4.20577867387334,0.14959925668315285,6.279970106301568,0.148,4.294,6802.031,90,charge,4,2010.0
4.205979638454222,0.1488059145935721,6.295311849602513,0.148,4.294,6807.828,90,charge,4,2010.0
4.2059556808115826,0.14810601639620297,6.295664805312882,0.148,4.294,6813.641,90,charge,4,2010.0
4.205781315781553,0.15039808997871384,6.302096923416984,0.148,4.294,6819.5,90,charge,4,2010.0
4.205732471924228,0.14958854253923537,6.337699774123758,0.148,4.294,6825.375,90,charge,4,2010.0
4.205824020752774,0.14801877767164584,6.334726524524218,0.148,4.294,6831.172,90,charge,4,2010.0
4.2058942874945835,0.150968783007546,6.331314148554142,0.148,4.294,6836.969,90,charge,4,2010.0
4.206106621842199,0.15224852750229534,6.320450677394373,0.148,4.294,6842.844,90,charge,4,2010.0
4.20593874057643,0.15025679765946698,6.331444598224325,0.148,4.294,6848.703,90,charge,4,2010.0
4.206145094149355,0.14910679933247922,6.32852639661258,0.148,4.294,6854.594,90,charge,4,2010.0
4.205978483212746,0.15046289836055754,6.33835005399816,0.148,4.294,6860.453,90,charge,4,2010.0
4.206219228217616,0.1495607038921886,6.388350259955775,0.148,4.294,6866.313,90,charge,4,2010.0
4.2061748465462925,0.1465279161780326,6.381114939004416,0.148,4.294,6872.125,90,charge,4,2010.0
4.206190140029661,0.15013681619152983,6.380477793201357,0.148,4.294,6877.922,90,charge,4,2010.0
4.2063277018325556,0.14891235368252081,6.378570064775521,0.148,4.294,6883.797,90,charge,4,2010.0
4.206335036971193,0.15088280434566664,6.3842819425769655,0.148,4.294,6889.672,90,charge,4,2010.0
4.206324836710882,0.1486681575752987,6.372933490659586,0.146,4.294,6895.469,90,charge,4,2010.0
4.206496283164188,0.14820037269746628,6.395583342221829,0.148,4.294,6901.266,90,charge,4,2010.0
4.206408381203879,0.14773119852216265,6.415536485607536,0.146,4.294,6907.125,90,charge,4,2010.0
4.206423524009725,0.14776612872685801,6.423068444286881,0.146,4.294,6912.984,90,charge,4,2010.0
4.206618070685,0.14699863902238958,6.414280012277834,0.146,4.294,6918.875,90,charge,4,2010.0
4.205120795237832,0.1431895988396986,6.429854196470782,0.138,4.288,6924.766,90,charge,4,2010.0
4.205223395591708,0.14005372323704215,6.455209565807709,0.14,4.288,6930.625,90,charge,4,2010.0
4.2051789248221,0.1402112956160913,6.433681058962041,0.14,4.288,6936.422,90,charge,4,2010.0
4.20511736162434,0.13964177829488808,6.448682002463994,0.14,4.288,6942.219,90,charge,4,2010.0
4.204947553690086,0.14052077023134915,6.437201551723024,0.14,4.288,6948.078,90,charge,4,2010.0
4.204970826272532,0.14020965278244887,6.449274245879145,0.138,4.288,6953.953,90,charge,4,2010.0
4.205030308831938,0.14244067905359215,6.472962120230308,0.14,4.288,6959.75,90,charge,4,2010.0
4.205098726706911,0.13988083213817717,6.474860917366479,0.138,4.288,6965.547,90,charge,4,2010.0
4.20513828324285,0.14036393432702193,6.480083181145397,0.138,4.288,6971.406,90,charge,4,2010.0
4.205098095849789,0.14068953793723427,6.471787654044271,0.138,4.288,6977.266,90,charge,4,2010.0
4.204960685073404,0.1398972730053353,6.487382038498226,0.138,4.288,6983.063,90,charge,4,2010.0
4.205216308973211,0.1395498399701013,6.500869355669678,0.138,4.288,6988.875,90,charge,4,2010.0
4.205186180613144,0.13961326564182588,6.505239509327192,0.138,4.288,6994.734,90,charge,4,2010.0
4.205168137468081,0.1405279304490379,6.521318215941289,0.138,4.288,7000.594,90,charge,4,2010.0
4.205149922129533,0.13756774168091365,6.515878191456577,0.138,4.288,7006.391,90,charge,4,2010.0
4.205183781880003,0.13946034154801398,6.520148058973965,0.138,4.288,7012.188,90,charge,4,2010.0
4.20531672496825,0.1409287279673665,6.530286451930422,0.138,4.288,7018.047,90,charge,4,2010.0
4.2052071125860815,0.14069890501689378,6.52982628070425,0.138,4.288,7023.922,90,charge,4,2010.0
4.205338008222019,0.13936040796302412,6.5487877109057235,0.138,4.288,7029.719,90,charge,4,2010.0
4.2055216485135185,0.14017285156808645,6.556904255762736,0.138,4.288,7035.516,90,charge,4,2010.0
4.205323705802008,0.1397637727443426,6.5573653367903235,0.138,4.288,7041.375,90,charge,4,2010.0
4.20541737326183,0.13852402170956463,6.571244045051537,0.138,4.288,7047.234,90,charge,4,2010.0
4.205326952491966,0.13993683121866748,6.572516948160381,0.138,4.288,7053.047,90,charge,4,2010.0
4.20544905201554,0.14152768271698776,6.579707698028272,0.138,4.288,7058.828,90,charge,4,2010.0
4.205619759067865,0.1395068520166159,6.576699812902609,0.138,4.288,7064.688,90,charge,4,2010.0
4.205707213652803,0.1400311752601767,6.5855957416771,0.138,4.288,7070.563,90,charge,4,2010.0
4.205557918606711,0.13832728746035985,6.582824725596506,0.138,4.288,7076.344,90,charge,4,2010.0
4.2055139273326,0.1393907444372523,6.578014682829967,0.138,4.288,7082.141,90,charge,4,2010.0
4.205375162486512,0.1393294934411565,6.581699062329082,0.138,4.288,7088.031,90,charge,4,2010.0
4.205535975625802,0.13891015640356077,6.5909602159135,0.138,4.288,7093.875,90,charge,4,2010.0
4.205682911706209,0.14006792097624357,6.591774338489006,0.138,4.288,7099.672,90,charge,4,2010.0
4.205639012922921,0.13824556853967807,6.598584776277839,0.137,4.288,7105.469,90,charge,4,2010.0
4.205595484198988,0.1402804755333204,6.598397529783701,0.137,4.288,7111.328,90,charge,4,2010.0
4.205718114186966,0.13890308389847916,6.606565812892986,0.137,4.288,7117.188,90,charge,4,2010.0
4.205761157026008,0.1365240041258841,6.613410475165661,0.137,4.288,7123.078,90,charge,4,2010.0
4.205793054747341,0.13837012219583428,6.620382351017772,0.137,4.288,7128.938,90,charge,4,2010.0
4.205685614996245,0.13961993524153793,6.631011460769665,0.137,4.288,7134.813,90,charge,4,2010.0
4.20593267307562,0.13945443855032105,6.630205231978914,0.137,4.288,7140.609,90,charge,4,2010.0
4.206015802976219,0.13779539548630107,6.635474442217781,0.137,4.288,7146.406,90,charge,4,2010.0
4.205924933832918,0.13920601795579463,6.644335436731781,0.137,4.288,7152.203,90,charge,4,2010.0
4.20585191371164,0.13779556291060702,6.657738326593558,0.137,4.288,7158.063,90,charge,4,2010.0
4.205971911225814,0.13523770494765397,6.6663510599960585,0.137,4.288,7163.938,90,charge,4,2010.0
4.206116369070214,0.1368084593451154,6.666982616700815,0.137,4.288,7169.734,90,charge,4,2010.0
4.205990247258359,0.13797744016613392,6.653499422473907,0.137,4.288,7175.531,90,charge,4,2010.0
4.206097761949727,0.1370264982281607,6.666438737139594,0.137,4.288,7181.328,90,charge,4,2010.0
4.206241278357537,0.13541276226276,6.681115919028846,0.137,4.288,7187.203,90,charge,4,2010.0
4.206071672612486,0.13673068986523115,6.684638947595462,0.137,4.288,7193.063,90,charge,4,2010.0
4.206155819529547,0.1390383312655111,6.687469190982601,0.136,4.288,7198.875,90,charge,4,2010.0
4.206148664534179,0.13842536643283723,6.688306441572681,0.136,4.288,7204.672,90,charge,4,2010.0
4.206322931134756,0.13607593521869324,6.685043237418696,0.136,4.288,7210.547,90,charge,4,2010.0
4.206335945880649,0.1367119432995703,6.704562882081683,0.136,4.288,7216.422,90,charge,4,2010.0
4.206404986718308,0.13962215960855387,6.719248223153228,0.136,4.288,7222.234,90,charge,4,2010.0
4.206414403831449,0.13861918955049957,6.713665205317269,0.136,4.288,7228.031,90,charge,4,2010.0
4.206383841121848,0.1380543019244194,6.711343592569342,0.136,4.288,7233.906,90,charge,4,2010.0
4.206429588482225,0.13692345920483945,6.714050602208749,0.136,4.288,7239.766,90,charge,4,2010.0
4.206586076207823,0.13557245269424276,6.712698334109541,0.136,4.288,7245.578,90,charge,4,2010.0
4.205004423190054,0.13007786979721941,6.725372206074401,0.127,4.283,7251.406,90,charge,4,2010.0
4.204917406295672,0.1277885545129804,6.734773521458758,0.127,4.283,7257.266,90,charge,4,2010.0
4.204868986028457,0.12822877067073435,6.736100418325687,0.127,4.283,7263.141,90,charge,4,2010.0
4.204907130717518,0.12773803151365662,6.732501784293517,0.127,4.283,7268.953,90,charge,4,2010.0
4.204744085061627,0.1283895920178748,6.733597307719638,0.127,4.283,7274.828,90,charge,4,2010.0
4.204896194017384,0.12830561615274033,6.74703360499306,0.127,4.283,7280.688,90,charge,4,2010.0
4.204899764425872,0.1276708803821671,6.751055057709653,0.127,4.283,7286.5,90,charge,4,2010.0
4.205021767004998,0.12856283100875074,6.773583115680818,0.127,4.283,7292.375,90,charge,4,2010.0
4.205092875598835,0.12776593214062862,6.770589687333949,0.127,4.283,7298.25,90,charge,4,2010.0
4.204881327913852,0.12911892119998689,6.7827956127323095,0.127,4.283,7304.063,90,charge,4,2010.0
4.205062335806129,0.12888676106915448,6.78011098881959,0.127,4.283,7309.922,90,charge,4,2010.0
4.2049492841928595,0.1279954003590986,6.781498049358681,0.127,4.283,7315.797,90,charge,4,2010.0
4.204940624130114,0.13074126157119573,6.788240627733999,0.127,4.283,7321.609,90,charge,4,2010.0
4.204990437694459,0.12880778613768,6.799412424596584,0.127,4.283,7327.469,90,charge,4,2010.0
4.205045160760293,0.12914790105035337,6.793945798195408,0.127,4.283,7333.344,90,charge,4,2010.0
4.204971917004477,0.1294055566423991,6.8034462005528535,0.127,4.283,7339.156,90,charge,4,2010.0
4.205132335706446,0.12915468390669832,6.810031638901415,0.127,4.283,7345.031,90,charge,4,2010.0
4.205149364546233,0.1286234417996549,6.804718251979164,0.127,4.283,7350.906,90,charge,4,2010.0
4.205175752339443,0.12851209592014753,6.812861323201244,0.127,4.283,7356.703,90,charge,4,2010.0
4.2051519500696966,0.12944124201137566,6.820325066836631,0.127,4.283,7362.578,90,charge,4,2010.0
4.205077351990473,0.12770578367626984,6.828544821794282,0.127,4.283,7368.453,90,charge,4,2010.0
4.2051686714549374,0.12875913224262,6.820537970391808,0.127,4.283,7374.25,90,charge,4,2010.0
4.205226655103969,0.12594312283751558,6.838238763942204,0.126,4.283,7380.141,90,charge,4,2010.0
4.205339998259683,0.12913720556621078,6.844004697782933,0.127,4.283,7386.016,90,charge,4,2010.0
4.205421957524629,0.12856127917555019,6.853752561236236,0.126,4.283,7391.813,90,charge,4,2010.0
4.205293395681481,0.1273199855908157,6.858900908548145,0.126,4.283,7397.688,90,charge,4,2010.0
4.205403582534252,0.12614327185740787,6.859440217610049,0.126,4.283,7403.563,90,charge,4,2010.0
4.205365239228205,0.12871771623642075,6.870466052246057,0.126,4.283,7409.453,90,charge,4,2010.0
4.205427474619134,0.12803433141701534,6.879940267543012,0.126,4.283,7415.313,90,charge,4,2010.0
4.205499047036037,0.1274664586890448,6.885143290469306,0.126,4.283,7421.281,90,charge,4,2010.0
4.205479524922299,0.1284113054653748,6.87996928558314,0.126,4.283,7427.203,90,charge,4,2010.0
4.205440884838957,0.12845784451679607,6.882877238898181,0.126,4.283,7433.094,90,charge,4,2010.0
4.20561137811211,0.12618319741232464,6.888903236963826,0.126,4.283,7438.953,90,charge,4,2010.0
4.20540984697853,0.12680245872618348,6.885868171099071,0.126,4.283,7444.844,90,charge,4,2010.0
4.205595575150929,0.12769784098039466,6.848359774624523,0.126,4.283,7450.719,90,charge,4,2010.0
4.205606406204549,0.1297723860259888,6.806206938150144,0.126,4.283,7456.531,90,charge,4,2010.0
4.2054092333582584,0.12579436407579672,6.682937727609203,0.126,4.283,7462.422,90,charge,4,2010.0
4.205557941547459,0.1268732571253372,6.336982360691884,0.126,4.283,7468.563,90,charge,4,2010.0
4.205429801738432,0.12501652728650223,6.095810122826825,0.126,4.283,7475.0,90,charge,4,2010.0
4.205734173332605,0.1283035841824842,5.8928568137050705,0.126,4.283,7481.406,90,charge,4,2010.0
4.205770092425261,0.12774465549430902,5.808959838483907,0.126,4.283,7487.328,90,charge,4,2010.0
4.205812744575735,0.12702489351537258,5.74500816597294,0.126,4.283,7493.188,90,charge,4,2010.0
4.2059042273765295,0.12924804755530128,5.683463058988354,0.126,4.283,7499.078,90,charge,4,2010.0
4.205930173244574,0.12454175030821432,5.586828220587691,0.125,4.283,7504.953,90,charge,4,2010.0
4.206058515712239,0.12799230721749083,5.461244639149106,0.125,4.283,7510.766,90,charge,4,2010.0
4.205875012931831,0.12212831430007894,5.38475403680578,0.125,4.283,7516.563,90,charge,4,2010.0
4.205898108969757,0.12731365927102611,5.3414511168981,0.125,4.283,7522.438,90,charge,4,2010.0
4.205969500075626,0.12761489125935127,5.260919455833187,0.125,4.283,7528.297,90,charge,4,2010.0
4.205799849501326,0.12322330323313477,5.148443597407995,0.125,4.283,7534.109,90,charge,4,2010.0
4.20626601460884,0.1261019891557576,5.090845853730057,0.125,4.283,7539.906,90,charge,4,2010.0
4.206225462992912,0.12598331845654856,5.025131354822372,0.125,4.283,7545.781,90,charge,4,2010.0
4.206294135827431,0.1239936682848003,4.866108827066493,0.125,4.283,7551.641,90,charge,4,2010.0
4.206131742133857,0.12322617428331473,4.849654649520509,0.125,4.283,7557.438,90,charge,4,2010.0
4.2066186311101355,0.12469449603857244,4.820151583230396,0.125,4.283,7563.234,90,charge,4,2010.0
4.205110261948887,0.11730284170492493,4.755743539188059,0.117,4.278,7569.063,90,charge,4,2010.0
4.205247937593631,0.11826261078014254,4.709014563715959,0.115,4.278,7574.859,90,charge,4,2010.0
4.205033571892055,0.11951305636209382,4.644241680126599,0.115,4.278,7580.734,90,charge,4,2010.0
4.205188633770855,0.11770567316461261,4.500415806633024,0.115,4.278,7586.609,90,charge,4,2010.0
4.205089525446344,0.11832741554213487,4.4451472202755244,0.115,4.278,7592.406,90,charge,4,2010.0
4.205067248719739,0.11677199243817861,4.438846626925289,0.115,4.278,7598.203,90,charge,4,2010.0
4.20538259044419,0.11747985356730964,4.390030809787085,0.115,4.278,7604.078,90,charge,4,2010.0
4.205326975435889,0.11836423285202066,4.34717008798401,0.115,4.278,7609.938,90,charge,4,2010.0
4.2053593746068945,0.11506788572794772,4.298287057024049,0.115,4.278,7615.75,90,charge,4,2010.0
4.20537121868953,0.11781069252539224,4.22369917987468,0.115,4.278,7621.547,90,charge,4,2010.0
4.205398233077888,0.11662132195304518,4.148966824480461,0.115,4.278,7627.406,90,charge,4,2010.0
4.205454736065717,0.11451578923497331,4.117119029553652,0.115,4.278,7633.313,90,charge,4,2010.0
4.205590195304215,0.11634033709126594,4.116957965806563,0.115,4.278,7639.109,90,charge,4,2010.0
4.205692023554695,0.11534317609935688,4.041423451898574,0.115,4.278,7644.906,90,charge,4,2010.0
4.205641578776517,0.11730209071823236,4.024149489558107,0.115,4.278,7650.781,90,charge,4,2010.0
4.2059213373473545,0.1164079559644101,3.957530611394351,0.114,4.278,7656.672,90,charge,4,2010.0
4.205788076398592,0.11538471604512873,3.89666014161962,0.114,4.278,7662.484,90,charge,4,2010.0
4.205920033033416,0.11543235901581556,3.8458817594671744,0.114,4.278,7668.281,90,charge,4,2010.0
4.2059421582079395,0.11605917699605531,3.9611528422550566,0.114,4.278,7674.078,90,charge,4,2010.0
4.20581677293679,0.11562921235298436,4.177358799291069,0.114,4.278,7679.938,90,charge,4,2010.0
4.205952647659798,0.11722257976475005,4.315753184433657,0.114,4.278,7685.813,90,charge,4,2010.0
4.206010389129913,0.11530811420329365,4.455416596554564,0.114,4.278,7691.609,90,charge,4,2010.0
4.206233258393245,0.11657074899963012,4.517382064450373,0.114,4.278,7697.406,90,charge,4,2010.0
4.206297912857176,0.11369502586857923,4.5876366402740505,0.114,4.278,7703.281,90,charge,4,2010.0
4.206253320074995,0.11325317966733658,4.641303189780327,0.114,4.278,7709.156,90,charge,4,2010.0
4.2063796223532774,0.11412670233933603,4.689406262686232,0.114,4.278,7714.953,90,charge,4,2010.0
4.206253197413768,0.11421799189757938,4.736706020671185,0.112,4.278,7720.75,90,charge,4,2010.0
4.2066591337360695,0.11523146514825489,4.791346836494099,0.112,4.278,7726.609,90,charge,4,2010.0
4.206483607152721,0.11416584662462001,4.8738492266016635,0.112,4.278,7732.484,90,charge,4,2010.0
4.20652070327604,0.11427410765076287,4.932061662138915,0.112,4.278,7738.359,90,charge,4,2010.0
4.206584116455575,0.11461252447610182,4.961950027769368,0.112,4.278,7744.391,90,charge,4,2010.0
4.206527288065778,0.11342396384901357,4.9900686109898444,0.112,4.278,7750.297,90,charge,4,2010.0
4.206704558065627,0.11616517758187511,4.988210293610461,0.112,4.278,7756.203,90,charge,4,2010.0
4.206676676776623,0.11441437645112211,4.9950523938083355,0.112,4.278,7762.109,90,charge,4,2010.0
4.2068782066390735,0.11194916358078524,5.028435550905892,0.112,4.278,7768.016,90,charge,4,2010.0
4.206748094075266,0.11284499930462678,5.077164648258191,0.112,4.278,7773.922,90,charge,4,2010.0
4.206996054277127,0.11355016289768212,5.084889116272288,0.112,4.278,7779.844,90,charge,4,2010.0
4.2068422815921975,0.11522258647400489,5.0772910559308455,0.112,4.278,7785.75,90,charge,4,2010.0
4.206890128944932,0.11450895711227609,5.082228833224191,0.112,4.278,7791.641,90,charge,4,2010.0
4.2068867461292045,0.11326305959327125,5.140532061802014,0.112,4.278,7797.531,90,charge,4,2010.0
4.207022544666857,0.11394325106463796,5.143257704741613,0.111,4.278,7803.453,90,charge,4,2010.0
4.2070470296233315,0.11343078415877943,5.159025582650519,0.111,4.278,7809.359,90,charge,4,2010.0
4.207137971813008,0.11347573738303836,5.178571052900573,0.112,4.278,7815.219,90,charge,4,2010.0
4.207037423698533,0.11006962074829739,5.228748607388086,0.111,4.278,7821.109,90,charge,4,2010.0
4.207072787908575,0.11220777388218735,5.231673131443154,0.111,4.278,7827.016,90,charge,4,2010.0
4.207096617570017,0.1122345660814739,5.229444550238938,0.111,4.278,7832.844,90,charge,4,2010.0
4.207134410243681,0.11322036560376868,5.23663402814353,0.111,4.278,7838.719,90,charge,4,2010.0
4.207285238781325,0.11185268719338279,5.254660417038462,0.111,4.278,7844.625,90,charge,4,2010.0
4.207195468818031,0.1109211835830584,5.28379156987606,0.111,4.278,7850.516,90,charge,4,2010.0
4.207348050991827,0.11248498723698452,5.266598849339292,0.111,4.278,7856.391,90,charge,4,2010.0
4.207449825245237,0.11252837085062002,5.317885839205402,0.111,4.278,7862.219,90,charge,4,2010.0
4.207431124968663,0.11297212136927728,5.345108809247714,0.111,4.278,7868.094,90,charge,4,2010.0
4.207494740283698,0.11143366486695706,5.35120932011883,0.111,4.278,7873.969,90,charge,4,2010.0
4.207558371202198,0.11393845503597295,5.357606906438427,0.111,4.278,7879.766,90,charge,4,2010.0
4.206029854938239,0.10615033083404592,5.368084991014948,0.103,4.272,7885.672,90,charge,4,2010.0
4.20587701544544,0.1046276140632862,5.365941116508687,0.103,4.272,7891.547,90,charge,4,2010.0
4.206067890519906,0.10410221662363352,5.412611874321144,0.103,4.272,7897.359,90,charge,4,2010.0
4.206054052019423,0.10315131317476667,5.394830791930705,0.103,4.272,7903.234,90,charge,4,2010.0
4.205950303581544,0.10711713168761836,5.419380998239444,0.103,4.272,7909.094,90,charge,4,2010.0
4.205985371543069,0.10544273587526187,5.43384693123309,0.103,4.272,7914.906,90,charge,4,2010.0
4.206035717315743,0.10571997332691527,5.4708224873798015,0.103,4.272,7920.781,90,charge,4,2010.0
4.206020234063224,0.10260780356129015,5.499878327249492,0.103,4.272,7926.656,90,charge,4,2010.0
4.205962196684813,0.10510748404419344,5.500789035387775,0.103,4.272,7932.469,90,charge,4,2010.0
4.205973979115512,0.10452546155717343,5.528563184748714,0.103,4.272,7938.328,90,charge,4,2010.0
4.2059090670972195,0.10176904269575449,5.524415012066739,0.103,4.272,7944.203,90,charge,4,2010.0
4.205953166732219,0.10422980309566332,5.526114643549918,0.103,4.272,7950.016,90,charge,4,2010.0
4.206046673084541,0.10546797459738484,5.52616647671187,0.103,4.272,7955.813,90,charge,4,2010.0
4.206158483284785,0.10370567034671355,5.547509366166494,0.103,4.272,7961.672,90,charge,4,2010.0
4.206076921812797,0.10377272500879507,5.5726678067601325,0.103,4.272,7967.547,90,charge,4,2010.0
4.206119331649582,0.10447197279610732,5.561229594275048,0.103,4.272,7973.344,90,charge,4,2010.0
4.206025923311353,0.10225863992795714,5.609694068189426,0.103,4.272,7979.141,90,charge,4,2010.0
4.2060833368485175,0.10176731575974421,5.603330139599127,0.103,4.272,7985.016,90,charge,4,2010.0
4.2061556650347045,0.10375029902019162,5.607402393304597,0.103,4.272,7990.891,90,charge,4,2010.0
4.206060233768083,0.10423015628136705,5.618538470567611,0.103,4.272,7996.703,90,charge,4,2010.0
4.20615952082509,0.10471394094824271,5.644305475496025,0.103,4.272,8002.563,90,charge,4,2010.0
4.20609996038259,0.1027621373980412,5.655096360203056,0.103,4.272,8008.438,90,charge,4,2010.0
4.206136210689888,0.10402717482847035,5.6592643615694636,0.103,4.272,8014.234,90,charge,4,2010.0
4.206154235604879,0.10315297678588037,5.674547375285288,0.103,4.272,8020.125,90,charge,4,2010.0
4.20621640945333,0.10575673142619782,5.685727654261285,0.103,4.272,8026.0,90,charge,4,2010.0
4.206244933682195,0.10429145593816481,5.700333809190427,0.103,4.272,8031.797,90,charge,4,2010.0
4.206271748806434,0.10335542785879923,5.711367533002802,0.103,4.272,8037.578,90,charge,4,2010.0
4.206356512214247,0.10336354685770838,5.730801381900932,0.103,4.272,8043.438,90,charge,4,2010.0
4.206280143892039,0.10303989291308921,5.723339845781686,0.103,4.272,8049.313,90,charge,4,2010.0
4.206290404411088,0.10424610653407514,5.735768720826318,0.102,4.272,8055.109,90,charge,4,2010.0
4.2064672180335725,0.10396848791659284,5.755730962117158,0.103,4.272,8060.984,90,charge,4,2010.0
4.206490498131446,0.1029470742012135,5.771567383671715,0.103,4.272,8066.844,90,charge,4,2010.0
4.20647030878984,0.10443070438280652,5.792468318550803,0.102,4.272,8072.641,90,charge,4,2010.0
4.206374538342614,0.10339032534647288,5.784965346790915,0.102,4.272,8078.453,90,charge,4,2010.0
4.206476110366025,0.10417329987984482,5.780921887140966,0.102,4.272,8084.313,90,charge,4,2010.0
4.206374500244296,0.10368000402583884,5.802310798366353,0.102,4.272,8090.172,90,charge,4,2010.0
4.206426014485155,0.10006212392343791,5.826728650256503,0.102,4.272,8095.984,90,charge,4,2010.0
4.206558702866797,0.10329876048476831,5.840775266344732,0.102,4.272,8101.844,90,charge,4,2010.0
4.205093005223484,0.09703413364379919,5.844188013942268,0.093,4.267,8107.75,90,charge,4,2010.0
4.204932069683976,0.09537053497973794,5.858003909409114,0.093,4.267,8113.594,90,charge,4,2010.0
4.204754366168251,0.09529415998399354,5.880522110559362,0.095,4.267,8119.484,90,charge,4,2010.0
4.20492312861525,0.09527154752264567,5.873890161859744,0.093,4.267,8125.281,90,charge,4,2010.0
4.204862807515336,0.09398788909462247,5.893578002709663,0.095,4.267,8131.094,90,charge,4,2010.0
4.204837685069041,0.0953211607297904,5.911775716579757,0.095,4.267,8136.969,90,charge,4,2010.0
4.204847450473971,0.09379720050421024,5.938116530027225,0.095,4.267,8142.781,90,charge,4,2010.0
4.204754768294569,0.09610491441490986,5.947012716658752,0.095,4.267,8148.594,90,charge,4,2010.0
4.204813753653375,0.09470308816567576,5.95806133689523,0.095,4.267,8154.391,90,charge,4,2010.0
4.204982746429959,0.09588239358373397,5.93888453682139,0.095,4.267,8160.25,90,charge,4,2010.0
4.204888326838897,0.09599786422709411,5.945775133761232,0.095,4.267,8166.109,90,charge,4,2010.0
4.204754356620334,0.09526854728362694,5.956888990169213,0.095,4.267,8171.969,90,charge,4,2010.0
4.204866762495105,0.0950910429155529,5.952537077036082,0.095,4.267,8177.766,90,charge,4,2010.0
4.2048940545219065,0.0977111899020731,5.962413241175065,0.095,4.267,8183.563,90,charge,4,2010.0
4.204914231604475,0.09569655138841955,5.966947053265942,0.095,4.267,8189.484,90,charge,4,2010.0
4.204916622765821,0.09588417252848326,5.990613759812837,0.095,4.267,8195.359,90,charge,4,2010.0
4.20489023935475,0.09545371653825335,6.004668465182964,0.095,4.267,8201.156,90,charge,4,2010.0
4.204976434318821,0.0953833130678163,6.030398539623904,0.095,4.267,8206.953,90,charge,4,2010.0
4.204857134476512,0.09424478722713842,6.055147139350645,0.095,4.267,8212.766,90,charge,4,2010.0
4.20483937472986,0.09694807051646376,6.040262925783231,0.093,4.267,8218.594,90,charge,4,2010.0
4.204985948898137,0.09551199943625775,6.039440985473195,0.095,4.267,8224.406,90,charge,4,2010.0
4.205009080013471,0.09699555857978852,6.051128054509999,0.095,4.267,8230.313,90,charge,4,2010.0
4.205069066343496,0.09504608655863513,6.075544773812555,0.093,4.267,8236.172,90,charge,4,2010.0
4.204990219234396,0.0960593297536857,6.085711134660215,0.093,4.267,8242.016,90,charge,4,2010.0
4.205057418696864,0.09712756255915347,6.064993542693873,0.093,4.267,8247.859,90,charge,4,2010.0
4.204948948072827,0.09613761099650447,6.063376693303846,0.093,4.267,8253.781,90,charge,4,2010.0
4.204861639977911,0.09476326241820957,6.075344404086485,0.093,4.267,8259.656,90,charge,4,2010.0
4.204899932765738,0.09487603842797672,6.087355363836457,0.093,4.267,8265.547,90,charge,4,2010.0
4.204969816842332,0.09581711242362431,6.108251826381373,0.093,4.267,8271.391,90,charge,4,2010.0
4.2050550860939735,0.09463992267623636,6.130611621875054,0.095,4.267,8277.281,90,charge,4,2010.0
4.204924999680711,0.09300874472772966,6.131018339730702,0.093,4.267,8283.094,90,charge,4,2010.0
4.20489642217357,0.09482983107251794,6.11744331127435,0.093,4.267,8288.906,90,charge,4,2010.0
4.205084391417407,0.0951280101474346,6.133304429942466,0.093,4.267,8294.719,90,charge,4,2010.0
4.205209519440179,0.0962534909615819,6.178637828568417,0.093,4.267,8300.516,90,charge,4,2010.0
4.205079470209319,0.09478051243998875,6.175407601361796,0.093,4.267,8306.313,90,charge,4,2010.0
4.205168136473386,0.09476877783158408,6.166127936826136,0.093,4.267,8312.172,90,charge,4,2010.0
4.205036953521267,0.0953774497748723,6.159074309153223,0.093,4.267,8318.031,90,charge,4,2010.0
4.205232379752655,0.09554964655834741,6.1648936112878205,0.093,4.267,8323.828,90,charge,4,2010.0
4.205095636747924,0.09517820542200785,6.183390827476018,0.093,4.267,8329.625,90,charge,4,2010.0
4.205089249610489,0.09634281550878261,6.194459423642831,0.093,4.267,8335.484,90,charge,4,2010.0
4.205116068980131,0.09385473914925674,6.1784321559783955,0.093,4.267,8341.344,90,charge,4,2010.0
4.205085653564524,0.09440405478572123,6.194769629898223,0.093,4.267,8347.141,90,charge,4,2010.0
4.205466947398726,0.09505796992318405,6.2327741597449915,0.093,4.267,8353.016,90,charge,4,2010.0
4.205166747121206,0.09580325181648608,6.241654412181612,0.093,4.267,8358.891,90,charge,4,2010.0
4.205237868968683,0.09284987594291261,6.26772662466016,0.093,4.267,8364.688,90,charge,4,2010.0
4.205321467650464,0.09504347859009495,6.277270808419035,0.093,4.267,8370.484,90,charge,4,2010.0
4.20532519079592,0.09688219039660224,6.276242342972552,0.093,4.267,8376.344,90,charge,4,2010.0
4.2052940469948465,0.09556578834349651,6.281203970803389,0.093,4.267,8382.203,90,charge,4,2010.0
4.205280882513605,0.09494981987124378,6.292164873015106,0.093,4.267,8388.0,90,charge,4,2010.0
4.205496206359791,0.09625479748790221,6.305294233392131,0.093,4.267,8393.797,90,charge,4,2010.0
4.20530882841098,0.09645549908247658,6.315782797682036,0.093,4.267,8399.656,90,charge,4,2010.0
4.205493456035683,0.09454282917383129,6.307158243631962,0.093,4.267,8405.516,90,charge,4,2010.0
4.205486965725657,0.09517232930257068,6.306142426012839,0.093,4.267,8411.297,90,charge,4,2010.0
4.205332699078561,0.09550291323380504,6.321648382368077,0.093,4.267,8417.094,90,charge,4,2010.0
4.205277271141393,0.09502077861521802,6.322567817531956,0.093,4.267,8422.969,90,charge,4,2010.0
4.205372264809109,0.09536647976327241,6.3469746073357225,0.093,4.267,8428.828,90,charge,4,2010.0
4.205338586363827,0.09524177792861241,6.35348284582735,0.093,4.267,8434.625,90,charge,4,2010.0
4.205402361256135,0.09371595190925636,6.330365558568478,0.093,4.267,8440.422,90,charge,4,2010.0
4.205552654015422,0.09326733970309282,6.319327295053241,0.093,4.267,8446.281,90,charge,4,2010.0
4.2056279295131995,0.09448451336677172,6.342128486923872,0.093,4.267,8452.172,90,charge,4,2010.0
4.205513457924556,0.09348402632076253,6.347786109110428,0.093,4.267,8457.969,90,charge,4,2010.0
4.205534979685563,0.09299737162994702,6.361190829073589,0.093,4.267,8463.766,90,charge,4,2010.0
4.205884780204578,0.09333543477687112,6.378935826086987,0.092,4.267,8469.625,90,charge,4,2010.0
4.20570136385036,0.09597737394157346,6.373537290900528,0.093,4.267,8475.484,90,charge,4,2010.0
4.205551105615219,0.09466358502112053,6.408789786417374,0.093,4.267,8481.281,90,charge,4,2010.0
4.205722314272098,0.09226495240517596,6.413346849761799,0.092,4.267,8487.094,90,charge,4,2010.0
4.2056429966244595,0.09720540973896026,6.419338952711059,0.092,4.267,8492.953,90,charge,4,2010.0
4.205753316354468,0.09352166606138822,6.429602338797903,0.092,4.267,8498.813,90,charge,4,2010.0
4.205651288434036,0.0940404946385734,6.436931627817402,0.092,4.267,8504.625,90,charge,4,2010.0
4.205575770908104,0.09491549625241294,6.434390167559717,0.092,4.267,8510.406,90,charge,4,2010.0
4.2057237293566745,0.09453540590699744,6.4382546257266275,0.092,4.267,8516.234,90,charge,4,2010.0
4.20575053863533,0.09399428309467053,6.446114233231269,0.092,4.267,8522.094,90,charge,4,2010.0
4.205942754181636,0.09242052777569378,6.437521163865249,0.092,4.267,8527.953,90,charge,4,2010.0
4.206012249518937,0.09361292548615754,6.440316435581106,0.092,4.267,8533.75,90,charge,4,2010.0
4.205742792961049,0.094067626029119,6.456313522106289,0.092,4.267,8539.547,90,charge,4,2010.0
4.205772877571656,0.09709657592355644,6.464085694329869,0.092,4.267,8545.422,90,charge,4,2010.0
4.205830960884322,0.09284778787057806,6.48679233955318,0.092,4.267,8551.266,90,charge,4,2010.0
4.205755091309214,0.0921834218166979,6.477553939329858,0.092,4.267,8557.109,90,charge,4,2010.0
4.205949862451566,0.09300674387483708,6.491156979154514,0.092,4.267,8562.922,90,charge,4,2010.0
4.2059629938027365,0.09357148442138524,6.48333504699364,0.092,4.267,8568.719,90,charge,4,2010.0
4.205856207177281,0.09294464640149172,6.4934668022404525,0.092,4.267,8574.578,90,charge,4,2010.0
4.206066039084434,0.09489053443339,6.502806248820887,0.092,4.267,8580.484,90,charge,4,2010.0
4.205707818547817,0.09370731126423114,6.498188892984169,0.092,4.267,8586.281,90,charge,4,2010.0
4.2059308154788555,0.09473604130013692,6.511053312545013,0.092,4.267,8592.094,90,charge,4,2010.0
4.206017011639876,0.09238532304473288,6.530937159783536,0.092,4.267,8597.953,90,charge,4,2010.0
4.205981180539138,0.09447692599166478,6.522059422855074,0.092,4.267,8603.828,90,charge,4,2010.0
4.206054448761539,0.09431534017849494,6.513741820982206,0.092,4.267,8609.625,90,charge,4,2010.0
4.206119510814548,0.09307310335410494,6.524975083885699,0.092,4.267,8615.438,90,charge,4,2010.0
4.206079051072754,0.09406566620627367,6.538353659785375,0.092,4.267,8621.297,90,charge,4,2010.0
4.206023188676666,0.09499312984745573,6.539969606751984,0.092,4.267,8627.172,90,charge,4,2010.0
4.206064215887416,0.09363364143422652,6.535132627366022,0.092,4.267,8632.984,90,charge,4,2010.0
4.206106119600321,0.0933537541045948,6.531554483343583,0.092,4.267,8638.781,90,charge,4,2010.0
4.206129085483301,0.09314929362579108,6.539878624233035,0.092,4.267,8644.656,90,charge,4,2010.0
4.206189511600107,0.09147624436343021,6.542457425745878,0.092,4.267,8650.531,90,charge,4,2010.0
4.206281392711083,0.09069896960294281,6.555824831214237,0.092,4.267,8656.328,90,charge,4,2010.0
4.206276085876325,0.09298212455930321,6.56060669554125,0.091,4.267,8662.125,90,charge,4,2010.0
4.206453186761711,0.09309371029316077,6.562326137366871,0.092,4.267,8668.0,90,charge,4,2010.0
4.206279969203387,0.09274382627589069,6.568624737999329,0.091,4.267,8673.859,90,charge,4,2010.0
4.206377217724188,0.0930231090927372,6.5840192862792355,0.091,4.267,8679.672,90,charge,4,2010.0
4.206379779262501,0.09075975403939064,6.5796432822117765,0.091,4.267,8685.469,90,charge,4,2010.0
4.206287779405684,0.09267983202890982,6.58264346274757,0.091,4.267,8691.328,90,charge,4,2010.0
4.206299425110951,0.09196088564262038,6.581334139973647,0.091,4.267,8697.188,90,charge,4,2010.0
4.206382271259476,0.09229697553829852,6.599464918745205,0.091,4.267,8702.984,90,charge,4,2010.0
4.206426916486671,0.09227435941416236,6.612242388423096,0.091,4.267,8708.766,90,charge,4,2010.0
4.206284040931482,0.0920849383113353,6.600114330261625,0.091,4.267,8714.563,90,charge,4,2010.0
4.206395510000274,0.09193899866158663,6.605087594792884,0.091,4.267,8720.422,90,charge,4,2010.0
4.206481549836403,0.09121805825503836,6.608230870799656,0.091,4.267,8726.266,90,charge,4,2010.0
4.206542549625379,0.09191604550576192,6.6227457121522235,0.091,4.267,8732.078,90,charge,4,2010.0
4.206348453256841,0.09187032769399357,6.625322914992538,0.091,4.267,8737.875,90,charge,4,2010.0
4.206548161395642,0.09320287136657757,6.630087074738758,0.091,4.267,8743.656,90,charge,4,2010.0
4.206506131769726,0.09246027813753685,6.644458939218979,0.091,4.267,8749.516,90,charge,4,2010.0
4.206652853465457,0.09192834298905875,6.659168694334646,0.091,4.267,8755.359,90,charge,4,2010.0
4.205024552426753,0.08271075126673177,6.661949838997596,0.083,4.261,8761.188,90,charge,4,2010.0
4.205165138561046,0.0841599321706103,6.660342986084839,0.083,4.261,8766.984,90,charge,4,2010.0
4.205257264318438,0.08457539401375502,6.664155688301817,0.083,4.261,8772.844,90,charge,4,2010.0
4.205198271858245,0.08548636143819228,6.677968711693454,0.083,4.261,8778.688,90,charge,4,2010.0
4.205002225046282,0.08487337813408719,6.676549617536597,0.083,4.261,8784.484,90,charge,4,2010.0
4.205055963124929,0.08205869727361356,6.69649763538832,0.083,4.261,8790.281,90,charge,4,2010.0
4.204959596473067,0.08635684927858261,6.6902016187975795,0.083,4.261,8796.094,90,charge,4,2010.0
4.205054843359344,0.08460126900549449,6.696894905692605,0.083,4.261,8801.953,90,charge,4,2010.0
4.2047633555497725,0.08438914918808439,6.691909096670603,0.083,4.261,8807.813,90,charge,4,2010.0
4.204865943044502,0.08479680172749836,6.698637668113902,0.083,4.261,8813.609,90,charge,4,2010.0
4.2048217868692985,0.08286803421620921,6.700381859693617,0.083,4.261,8819.406,90,charge,4,2010.0
4.20485113207878,0.08367464199187667,6.7003342547887215,0.083,4.261,8825.297,90,charge,4,2010.0
4.205139105239323,0.08485653378425517,6.707350768368774,0.083,4.261,8831.141,90,charge,4,2010.0
4.204917563745513,0.08359482989377875,6.711439382301972,0.083,4.261,8836.938,90,charge,4,2010.0
4.205056043230923,0.08523021103914559,6.724229386404856,0.083,4.261,8842.734,90,charge,4,2010.0
4.205077044532766,0.08512283462819495,6.727902182214082,0.083,4.261,8848.594,90,charge,4,2010.0
4.2049008438344195,0.08226961527334502,6.73646161966145,0.083,4.261,8854.453,90,charge,4,2010.0
4.204904354369575,0.08401802904357039,6.741154513176134,0.083,4.261,8860.25,90,charge,4,2010.0
4.204918363537523,0.08406941395865988,6.750907012403596,0.083,4.261,8866.047,90,charge,4,2010.0
4.204787781750456,0.08608450226861979,6.761910386094772,0.083,4.261,8871.828,90,charge,4,2010.0
4.204881452899847,0.08205094520597979,6.761407820047522,0.083,4.261,8877.688,90,charge,4,2010.0
4.205113990577918,0.08406430396740303,6.765432270799338,0.083,4.261,8883.547,90,charge,4,2010.0
4.205043792807964,0.08242886079157138,6.767614569328257,0.083,4.261,8889.344,90,charge,4,2010.0
4.205028584441244,0.0838842119531553,6.781093489734782,0.083,4.261,8895.125,90,charge,4,2010.0
4.205050864591819,0.08296554409829787,6.784241232792245,0.083,4.261,8900.922,90,charge,4,2010.0
4.204889006997285,0.08397936068014394,6.775038875932744,0.083,4.261,8906.781,90,charge,4,2010.0
4.205093894375161,0.08441997794796818,6.793104251612761,0.083,4.261,8912.641,90,charge,4,2010.0
4.2050760287590085,0.08183555445074721,6.790525004425131,0.083,4.261,8918.438,90,charge,4,2010.0
4.204936106601171,0.08229042083853552,6.785052401711113,0.083,4.261,8924.234,90,charge,4,2010.0
4.205076376577607,0.08432132247868927,6.801358370656251,0.083,4.261,8930.109,90,charge,4,2010.0
4.20497645115132,0.08351295246847726,6.811185131407401,0.083,4.261,8935.969,90,charge,4,2010.0
4.205131426351274,0.08361488336960209,6.813918221230575,0.083,4.261,8941.75,90,charge,4,2010.0
4.205055737237681,0.08281178281128362,6.810997829933109,0.083,4.261,8947.547,90,charge,4,2010.0
4.2052069482505425,0.08318647084275224,6.826316610414375,0.083,4.261,8953.328,90,charge,4,2010.0
4.205045206725858,0.08267338548619739,6.8210502440797285,0.083,4.261,8959.188,90,charge,4,2010.0
4.2050382956053145,0.08231397914301336,6.827701925692171,0.083,4.261,8965.063,90,charge,4,2010.0
4.205035975953673,0.08185062037232628,6.834182916563633,0.083,4.261,8970.844,90,charge,4,2010.0
4.2052290360903495,0.0823872913469668,6.8529279948234185,0.083,4.261,8976.641,90,charge,4,2010.0
4.204986074928265,0.08188791939215197,6.852879923372829,0.083,4.261,8982.5,90,charge,4,2010.0
4.205360499807939,0.08334287818091518,6.8504196974516205,0.083,4.261,8988.344,90,charge,4,2010.0
4.205240554768577,0.08228205205631908,6.846129527888822,0.083,4.261,8994.203,90,charge,4,2010.0
4.205144266462006,0.08253272251935145,6.861823092921774,0.083,4.261,9000.0,90,charge,4,2010.0
4.205256080133306,0.08255309186056652,6.848579131467733,0.083,4.261,9005.781,90,charge,4,2010.0
4.205312453837728,0.08254909522023153,6.821490095720226,0.083,4.261,9011.641,90,charge,4,2010.0
4.205247629953637,0.08090846016369305,6.778640038193397,0.083,4.261,9017.484,90,charge,4,2010.0
4.205199946873766,0.0814434864125995,6.665343533179031,0.083,4.261,9023.328,90,charge,4,2010.0
4.205395824770687,0.08176875147076464,6.412911733016402,0.083,4.261,9029.125,90,charge,4,2010.0
4.205193281150383,0.08244318058955055,6.126667284367006,0.083,4.261,9035.0,90,charge,4,2010.0
4.205348358533232,0.08182593262394566,5.913403480088222,0.081,4.261,9040.859,90,charge,4,2010.0
4.205320660578597,0.08448342581185071,5.811820296727678,0.081,4.261,9046.656,90,charge,4,2010.0
4.205208538947122,0.08287057439500561,5.697397111687327,0.081,4.261,9052.453,90,charge,4,2010.0
4.2054402160049875,0.08286264852041743,5.581888361539354,0.081,4.261,9058.313,90,charge,4,2010.0
4.205375470877666,0.08306691804976182,5.550691314724613,0.081,4.261,9064.172,90,charge,4,2010.0
4.205525046794928,0.08259207259525869,5.4139857502915385,0.081,4.261,9069.969,90,charge,4,2010.0
4.205581897627922,0.08117824799827672,5.389833351455039,0.081,4.261,9075.766,90,charge,4,2010.0
4.2055468100263536,0.08245445633494188,5.29732958114458,0.081,4.261,9081.563,90,charge,4,2010.0
4.205529031143373,0.08232995828990042,5.209305621369996,0.081,4.261,9087.406,90,charge,4,2010.0
4.205479700634296,0.08193995875291994,5.089142625086668,0.081,4.261,9093.281,90,charge,4,2010.0
4.205671476158614,0.08025023315215661,5.038319815055125,0.081,4.261,9099.078,90,charge,4,2010.0
4.2057823313482805,0.08138035222044832,5.01686425323645,0.081,4.261,9104.875,90,charge,4,2010.0
4.205872563296046,0.08128887088733165,4.921173996511089,0.081,4.261,9110.734,90,charge,4,2010.0
4.205820158565174,0.08327567671793847,4.903441650567085,0.081,4.261,9116.578,90,charge,4,2010.0
4.205877156271147,0.08358230064159099,4.729574887606015,0.081,4.261,9122.438,90,charge,4,2010.0
4.205802775221928,0.08065123468730633,4.612753225877525,0.081,4.261,9128.234,90,charge,4,2010.0
4.205941084868404,0.08268038116342924,4.595643661315651,0.081,4.261,9134.016,90,charge,4,2010.0
4.206002444129367,0.08155530319869979,4.5608541576818515,0.081,4.261,9139.875,90,charge,4,2010.0
4.205873518752036,0.08258577917573519,4.518882119346723,0.081,4.261,9145.719,90,charge,4,2010.0
4.206033698288604,0.08214062025735192,4.497133756054891,0.08,4.261,9151.578,90,charge,4,2010.0
4.206092974717067,0.07835779554148598,4.439612487219732,0.08,4.261,9157.359,90,charge,4,2010.0
4.206224452154015,0.08223638573456768,4.364947729607301,0.08,4.261,9163.156,90,charge,4,2010.0
4.206284822459172,0.08078263842525919,4.269989431307805,0.08,4.261,9169.016,90,charge,4,2010.0
4.206352829782838,0.0810092555208785,4.248189357261346,0.08,4.261,9174.875,90,charge,4,2010.0
4.206196770540517,0.08311651512500082,4.1573663742018665,0.08,4.261,9180.672,90,charge,4,2010.0
4.206202628454462,0.08083529228701496,4.120253330582248,0.08,4.261,9186.469,90,charge,4,2010.0
4.20643333562669,0.08261400186301494,4.138831647176969,0.08,4.261,9192.266,90,charge,4,2010.0
4.206397655891906,0.0795486775842912,4.054035176275585,0.08,4.261,9198.109,90,charge,4,2010.0
4.2064340870818,0.07696439637562619,3.9819797849847567,0.08,4.261,9203.969,90,charge,4,2010.0
4.2065997904008485,0.08085157207844462,3.9823176460717615,0.08,4.261,9209.766,90,charge,4,2010.0
4.205130499823987,0.07281263841660703,3.9513806354304846,0.072,4.256,9215.594,90,charge,4,2010.0
4.205013190770388,0.07494607958719511,3.856928683534104,0.072,4.256,9221.391,90,charge,4,2010.0
4.20503113001341,0.07379927541302579,3.8379585616468566,0.072,4.256,9227.25,90,charge,4,2010.0
4.20509308531503,0.06878010373668206,3.8143780140742503,0.072,4.256,9233.109,90,charge,4,2010.0
4.205052658919324,0.07488093570269418,3.807315650194998,0.072,4.256,9238.922,90,charge,4,2010.0
4.2050679924518555,0.07364080599474868,3.92470363779441,0.072,4.256,9244.719,90,charge,4,2010.0
4.205283792868339,0.07143627899240211,4.087759745319354,0.072,4.256,9250.516,90,charge,4,2010.0
4.2050788075784435,0.07417896724313688,4.26409226055773,0.07,4.256,9256.375,90,charge,4,2010.0
4.20516877036322,0.06974424657015353,4.385008489779875,0.072,4.256,9262.25,90,charge,4,2010.0
4.2051211735289,0.07195864395593382,4.445710713846795,0.07,4.256,9268.047,90,charge,4,2010.0
4.2052715797113285,0.0713396738654416,4.528108073430128,0.072,4.256,9273.844,90,charge,4,2010.0
4.205293541705519,0.07292500036775557,4.5860146899570235,0.072,4.256,9279.734,90,charge,4,2010.0
4.2053103122866435,0.0723913091210876,4.636005569840244,0.07,4.256,9285.594,90,charge,4,2010.0
4.205166042160399,0.07016072875295072,4.665634579474348,0.07,4.256,9291.406,90,charge,4,2010.0
4.205286604237428,0.07151329394150786,4.722985120441549,0.07,4.256,9297.266,90,charge,4,2010.0
4.2051564553274074,0.0704264030867406,4.784960866296086,0.07,4.256,9303.313,90,charge,4,2010.0
4.20532097705336,0.0689593231045593,4.819451939897528,0.07,4.256,9309.188,90,charge,4,2010.0
4.205338682088253,0.07235078618386322,4.846348637422809,0.07,4.256,9315.0,90,charge,4,2010.0
4.205369300073677,0.07323383088339629,4.885821321758287,0.07,4.256,9320.781,90,charge,4,2010.0
4.20543130492485,0.07048232373352714,4.916898577894015,0.07,4.256,9326.641,90,charge,4,2010.0
4.205361896137902,0.07059387725816026,4.941937854106512,0.07,4.256,9332.5,90,charge,4,2010.0
4.205496693993368,0.07178937325083008,4.989697901148663,0.07,4.256,9338.297,90,charge,4,2010.0
4.205466152526544,0.07115717725794238,4.997426483099221,0.07,4.256,9344.109,90,charge,4,2010.0
4.20546020019007,0.06970182071777521,5.0046723572742025,0.07,4.256,9349.969,90,charge,4,2010.0
4.205442070460216,0.07148146696360635,5.009929452312562,0.07,4.256,9355.844,90,charge,4,2010.0
4.205437733347861,0.07040834157680816,5.044770439017663,0.07,4.256,9361.641,90,charge,4,2010.0
4.205492989700401,0.0708794120860305,5.057232276121374,0.07,4.256,9367.438,90,charge,4,2010.0
4.205540939251386,0.07217015552834913,5.064230898133092,0.07,4.256,9373.281,90,charge,4,2010.0
4.205494155728233,0.07133195298292645,5.085386736097867,0.07,4.256,9379.141,90,charge,4,2010.0
4.20549948296754,0.07039522834979167,5.086928971595021,0.07,4.256,9384.984,90,charge,4,2010.0
4.205521772285863,0.07090711614088553,5.118417166073835,0.07,4.256,9390.781,90,charge,4,2010.0
4.2054873710427065,0.0701345875816778,5.132625427646483,0.07,4.256,9396.578,90,charge,4,2010.0
4.205554959246825,0.06969785431989564,5.1728658576009225,0.07,4.256,9402.422,90,charge,4,2010.0
4.205555147391526,0.07145134724391065,5.163746881959735,0.07,4.256,9408.281,90,charge,4,2010.0
4.205566925625567,0.0706338042399819,5.214025889853819,0.07,4.256,9414.125,90,charge,4,2010.0
4.205523871312582,0.07195540910173345,5.211705507425835,0.07,4.256,9419.922,90,charge,4,2010.0
4.2057421133742565,0.07186263806550482,5.2246595097058925,0.07,4.256,9425.719,90,charge,4,2010.0
4.205700075540338,0.07117345262368421,5.2697197642920095,0.07,4.256,9431.578,90,charge,4,2010.0
4.205751084215053,0.07308977932302413,5.274758641857479,0.07,4.256,9437.438,90,charge,4,2010.0
4.205745729191846,0.06794930177238598,5.274102714085726,0.07,4.256,9443.234,90,charge,4,2010.0
4.2057868544864965,0.07143342857452949,5.321592440921858,0.07,4.256,9449.031,90,charge,4,2010.0
4.205676923997696,0.07081201227599009,5.325651495120079,0.07,4.256,9454.828,90,charge,4,2010.0
4.205734576968259,0.06999030861007317,5.340122570241086,0.07,4.256,9460.688,90,charge,4,2010.0
4.20581965527155,0.07189268434951117,5.3485067231167704,0.07,4.256,9466.547,90,charge,4,2010.0
4.205692363474166,0.06984621245271236,5.327952710705388,0.069,4.256,9472.344,90,charge,4,2010.0
4.205746983111046,0.07130800093400058,5.339612316033903,0.069,4.256,9478.141,90,charge,4,2010.0
4.205918283652845,0.0715899536800478,5.386425346213958,0.07,4.256,9483.938,90,charge,4,2010.0
4.205808907417909,0.07155762955437542,5.406466728889442,0.07,4.256,9489.797,90,charge,4,2010.0
4.20607662578716,0.07095706451267283,5.416157258245401,0.069,4.256,9495.672,90,charge,4,2010.0
4.205813628751459,0.06834792892386314,5.45076790311135,0.069,4.256,9501.469,90,charge,4,2010.0
4.205889268148177,0.07021549800052453,5.442881409375829,0.069,4.256,9507.281,90,charge,4,2010.0
4.205931872048296,0.07201664992308228,5.456891831186518,0.069,4.256,9513.141,90,charge,4,2010.0
4.2058974551619785,0.07145088689746742,5.475810628594102,0.069,4.256,9519.0,90,charge,4,2010.0
4.205947987578467,0.07259694206689449,5.475639838387547,0.069,4.256,9524.797,90,charge,4,2010.0
4.20569813997109,0.07067231898618383,5.512509153170611,0.069,4.256,9530.594,90,charge,4,2010.0
4.206017939291609,0.07305914359563019,5.514830470063299,0.069,4.256,9536.391,90,charge,4,2010.0
4.205908924639499,0.06904832348709762,5.505060811079623,0.069,4.256,9542.25,90,charge,4,2010.0
4.205883780393335,0.06995126920811506,5.522969223182478,0.069,4.256,9548.109,90,charge,4,2010.0
4.206071751161315,0.0700266301178178,5.536756444732386,0.069,4.256,9553.906,90,charge,4,2010.0
4.205960117516091,0.07171956492764515,5.55573000788694,0.069,4.256,9559.703,90,charge,4,2010.0
4.205974380837245,0.0690942714379339,5.581774508056199,0.069,4.256,9565.563,90,charge,4,2010.0
4.206023036929862,0.06975816596596068,5.595565973030013,0.069,4.256,9571.438,90,charge,4,2010.0
4.205922463351661,0.07035014488410671,5.5936622894579555,0.069,4.256,9577.234,90,charge,4,2010.0
4.206098518022539,0.07128104776152178,5.587816187731362,0.069,4.256,9583.016,90,charge,4,2010.0
4.206122559093566,0.07017527537112182,5.603931780636459,0.069,4.256,9588.891,90,charge,4,2010.0
4.2060574397441535,0.06960689322110668,5.622516732093894,0.069,4.256,9595.0,90,charge,4,2010.0
4.206138314492103,0.06979251892049733,5.644488785224704,0.069,4.256,9600.859,90,charge,4,2010.0
4.206162730671768,0.07056700386909512,5.65642272809568,0.069,4.256,9606.672,90,charge,4,2010.0
4.206312070539099,0.07007362945944787,5.66565479104999,0.069,4.256,9612.453,90,charge,4,2010.0
4.206316153732103,0.0705640192411352,5.675710840617943,0.069,4.256,9618.328,90,charge,4,2010.0
4.206130135818106,0.07133923051958668,5.672911434658064,0.069,4.256,9624.188,90,charge,4,2010.0
4.206279864389761,0.0676751748353771,5.71564048903546,0.069,4.256,9630.0,90,charge,4,2010.0
4.206342269537511,0.07130442234423011,5.743536977772955,0.069,4.256,9635.797,90,charge,4,2010.0
4.206227627792461,0.07113530771952065,5.739661736516434,0.069,4.256,9641.656,90,charge,4,2010.0
4.2062064286479295,0.06831415910719191,5.732982456406922,0.069,4.256,9647.531,90,charge,4,2010.0
4.20614289964769,0.0692354789024386,5.73505067816483,0.069,4.256,9653.328,90,charge,4,2010.0
4.206322792355837,0.07112304330527335,5.758436432370106,0.069,4.256,9659.125,90,charge,4,2010.0
4.206323455199545,0.07148509805889049,5.771328963868416,0.069,4.256,9664.922,90,charge,4,2010.0
4.2063482772092184,0.07047556264102613,5.790991418401527,0.069,4.256,9670.781,90,charge,4,2010.0
4.206347977798082,0.07045425124630499,5.814460694623643,0.069,4.256,9676.641,90,charge,4,2010.0
4.206393695113339,0.07163001492508606,5.826852127542838,0.069,4.256,9682.453,90,charge,4,2010.0
4.206431907883457,0.07090991883295797,5.808905414905398,0.069,4.256,9688.234,90,charge,4,2010.0
4.206360821312949,0.07062457465777448,5.7976855831876835,0.069,4.256,9694.109,90,charge,4,2010.0
4.206502906126564,0.06794562653052087,5.808947693700409,0.069,4.256,9699.953,90,charge,4,2010.0
4.20635449705206,0.0702534508966922,5.8395723806101465,0.069,4.256,9705.797,90,charge,4,2010.0
4.2063907063691826,0.07026310414063568,5.859960889628342,0.069,4.256,9711.594,90,charge,4,2010.0
4.20634376576996,0.07112014700655231,5.866440708951878,0.069,4.256,9717.391,90,charge,4,2010.0
4.206488805353614,0.07025153599132622,5.860502127096353,0.069,4.256,9723.25,90,charge,4,2010.0
4.206432040807656,0.06946090017866738,5.881479315864706,0.069,4.256,9729.109,90,charge,4,2010.0
4.206532164941613,0.06941578665282894,5.899280600878305,0.069,4.256,9734.969,90,charge,4,2010.0
4.206462491679383,0.06827079810831711,5.890351817912684,0.069,4.256,9740.766,90,charge,4,2010.0
4.206590615713584,0.06768911486439468,5.893976883582467,0.068,4.256,9746.547,90,charge,4,2010.0
4.205016101862191,0.061326024512287594,5.895486217095759,0.061,4.25,9752.453,90,charge,4,2010.0
4.204903096483251,0.06129929179062894,5.958608467464305,0.061,4.25,9758.313,90,charge,4,2010.0
4.204853830207324,0.06175760015053294,5.947022683876045,0.061,4.25,9764.109,90,charge,4,2010.0
4.204872107220956,0.0607184665627486,5.941513734730334,0.061,4.25,9769.891,90,charge,4,2010.0
4.204883723190399,0.0608675585561166,5.938578049005743,0.061,4.25,9775.75,90,charge,4,2010.0
4.205023629031343,0.06105991590965561,5.947409987234766,0.061,4.25,9781.625,90,charge,4,2010.0
4.204896103696407,0.06367110387871208,5.962047480613155,0.061,4.25,9787.438,90,charge,4,2010.0
4.204868438771338,0.06194715086386786,5.988272476216113,0.061,4.25,9793.219,90,charge,4,2010.0
4.204570396273829,0.060281442694531985,5.9842445321986055,0.061,4.25,9799.094,90,charge,4,2010.0
4.205016013616804,0.06273426413644434,6.00794286837364,0.061,4.25,9804.969,90,charge,4,2010.0
4.204985866284156,0.06286357194723043,6.014801273634516,0.061,4.25,9810.766,90,charge,4,2010.0
4.204928095684281,0.061351099646632656,6.0357784988910765,0.061,4.25,9816.563,90,charge,4,2010.0
4.204920910561429,0.0604159086692082,6.027651941756214,0.061,4.25,9822.422,90,charge,4,2010.0
4.204752808745169,0.06307957839636825,6.031505156024975,0.061,4.25,9828.297,90,charge,4,2010.0
4.2048458926377394,0.06245353074555029,6.038782867426805,0.061,4.25,9834.094,90,charge,4,2010.0
4.204802853464994,0.061559172456173775,6.037522685609366,0.061,4.25,9839.969,90,charge,4,2010.0
4.204714103414566,0.06244907620260586,6.061665223423295,0.061,4.25,9845.828,90,charge,4,2010.0
4.204751965187365,0.062860978374122,6.07707909760294,0.061,4.25,9851.656,90,charge,4,2010.0
4.204846482371023,0.061688925392381896,6.1021326676347565,0.061,4.25,9857.453,90,charge,4,2010.0
4.204684219700062,0.06347635755988719,6.109335410980074,0.061,4.25,9863.313,90,charge,4,2010.0
4.204626945531881,0.06295486844102993,6.11905252594189,0.061,4.25,9869.172,90,charge,4,2010.0
4.204641649396303,0.06368862754999297,6.109731703849452,0.061,4.25,9874.984,90,charge,4,2010.0
4.204699473747755,0.06205482460696488,6.126790603040794,0.061,4.25,9880.797,90,charge,4,2010.0
4.204717378894545,0.0630252883210392,6.139329814849924,0.061,4.25,9886.656,90,charge,4,2010.0
4.204883671887805,0.06247463372968969,6.146100402592498,0.061,4.25,9892.531,90,charge,4,2010.0
4.204790854985768,0.06212285326872672,6.1604794846670465,0.061,4.25,9898.344,90,charge,4,2010.0
4.204636466034348,0.0623534871679586,6.154211307408673,0.061,4.25,9904.141,90,charge,4,2010.0
4.204672023202748,0.06251545241330597,6.1640323415190315,0.061,4.25,9910.0,90,charge,4,2010.0
4.204867337582539,0.0605716753089231,6.180110402546989,0.061,4.25,9915.875,90,charge,4,2010.0
4.204813103292388,0.062105649873927124,6.174673394490252,0.061,4.25,9921.672,90,charge,4,2010.0
4.204731593790527,0.06134359743148345,6.17410052882585,0.061,4.25,9927.469,90,charge,4,2010.0
4.204754125293625,0.06291956156316608,6.174681845579467,0.061,4.25,9933.328,90,charge,4,2010.0
4.20499018078761,0.06354604075559399,6.211974049240192,0.061,4.25,9939.188,90,charge,4,2010.0
4.204898376537762,0.06232553520634169,6.202729221993226,0.061,4.25,9945.0,90,charge,4,2010.0
4.204835501097684,0.06173774126208365,6.205768724862895,0.061,4.25,9950.813,90,charge,4,2010.0
4.2048259358621,0.06106501806688058,6.218923092398613,0.061,4.25,9956.672,90,charge,4,2010.0
4.204894123751362,0.06218818200421299,6.239019333976385,0.061,4.25,9962.531,90,charge,4,2010.0
4.204837789645015,0.0604579776295011,6.256886289464457,0.061,4.25,9968.359,90,charge,4,2010.0
4.204685306687514,0.06094110754180584,6.255140892837603,0.061,4.25,9974.25,90,charge,4,2010.0
4.204947999641302,0.06211737605293252,6.253919717764666,0.061,4.25,9980.109,90,charge,4,2010.0
4.20490834527504,0.06103941304005221,6.2499255650890575,0.061,4.25,9985.938,90,charge,4,2010.0
4.2050123463716185,0.06194654389328601,6.2474742205267,0.061,4.25,9991.797,90,charge,4,2010.0
4.204744889930318,0.06298147249370906,6.246673134016869,0.061,4.25,9997.891,90,charge,4,2010.0
4.205128310418302,0.06021084515746754,6.261747401697851,0.061,4.25,10003.734,90,charge,4,2010.0
4.205074426022043,0.06180179606696619,6.289197918077545,0.061,4.25,10009.547,90,charge,4,2010.0
4.204933930936699,0.06290767167966639,6.31367504086447,0.061,4.25,10015.422,90,charge,4,2010.0
4.205011760783676,0.06299138640433208,6.3199903902717836,0.061,4.25,10021.281,90,charge,4,2010.0
4.205008943632758,0.05980892359939886,6.3317005674704046,0.061,4.25,10027.109,90,charge,4,2010.0
4.204846715374192,0.06004271102974631,6.333474909280251,0.061,4.25,10032.969,90,charge,4,2010.0
4.204932600927465,0.06215460496515138,6.326974131120857,0.061,4.25,10038.828,90,charge,4,2010.0
4.2049095247037105,0.06074508167731721,6.359148083505314,0.061,4.25,10044.656,90,charge,4,2010.0
4.205039908965837,0.06220579987248574,6.383350998953705,0.061,4.25,10050.516,90,charge,4,2010.0
4.204968991057155,0.0625694950913923,6.386593743045147,0.061,4.25,10056.391,90,charge,4,2010.0
4.204933027271743,0.06209522807041129,6.387055323958555,0.061,4.25,10062.203,90,charge,4,2010.0
4.2050606249293105,0.061111029689423425,6.411857843836852,0.061,4.25,10068.063,90,charge,4,2010.0
4.205056272307387,0.061356979519550985,6.4018333410379205,0.061,4.25,10073.938,90,charge,4,2010.0
4.205055262212709,0.05922546778622242,6.412836152364737,0.061,4.25,10079.766,90,charge,4,2010.0
4.2049894338082,0.061351006868825976,6.400843203241497,0.061,4.25,10085.625,90,charge,4,2010.0
4.205061182730964,0.06313351779992472,6.422177141743169,0.061,4.25,10091.484,90,charge,4,2010.0
4.204937201251998,0.060776419595318834,6.424547131009784,0.061,4.25,10097.313,90,charge,4,2010.0
4.205135158835324,0.061562374771458615,6.441016202064616,0.061,4.25,10103.203,90,charge,4,2010.0
4.2050127432059945,0.06153771026495759,6.437595351993935,0.061,4.25,10109.078,90,charge,4,2010.0
4.2052379969696,0.06157598577155712,6.439800907144888,0.061,4.25,10114.875,90,charge,4,2010.0
4.205087758866567,0.05983085469952381,6.441306949460128,0.061,4.25,10120.766,90,charge,4,2010.0
4.205240370813413,0.06255940240634777,6.44711914224165,0.061,4.25,10126.641,90,charge,4,2010.0
4.205104911234516,0.06338144909879574,6.448273694770885,0.061,4.25,10132.438,90,charge,4,2010.0
4.205189752473204,0.0612733016833908,6.448696840411233,0.061,4.25,10138.25,90,charge,4,2010.0
4.205204349607618,0.06148598612983572,6.450876046655218,0.061,4.25,10144.109,90,charge,4,2010.0
4.205068340470181,0.062102140524494094,6.4647850656165655,0.061,4.25,10149.969,90,charge,4,2010.0
4.205034038049901,0.06055113958562482,6.471027361381081,0.061,4.25,10155.781,90,charge,4,2010.0
4.205166159015287,0.06302820255033334,6.46752606993532,0.061,4.25,10161.656,90,charge,4,2010.0
4.2050124660564885,0.06260011954662544,6.475453849554537,0.061,4.25,10167.547,90,charge,4,2010.0
4.205210259884205,0.060378142214629026,6.483299172385175,0.061,4.25,10173.359,90,charge,4,2010.0
4.205088009422319,0.0628600275647618,6.4940060530444566,0.061,4.25,10179.234,90,charge,4,2010.0
4.205090887722213,0.061218535042785724,6.4905504308222355,0.061,4.25,10185.109,90,charge,4,2010.0
4.205091891455924,0.05933890087137531,6.495887970363682,0.061,4.25,10190.906,90,charge,4,2010.0
4.205200989188537,0.0625285630786083,6.500590073172346,0.061,4.25,10196.781,90,charge,4,2010.0
4.205038816429809,0.06207478439200377,6.495072486866588,0.06,4.25,10202.672,90,charge,4,2010.0
4.205115692909431,0.06092262459913135,6.5154790298215834,0.06,4.25,10208.484,90,charge,4,2010.0
4.205260886993043,0.062022671534194405,6.525878809995407,0.061,4.25,10214.359,90,charge,4,2010.0
4.205049350454002,0.06104286950926841,6.519189601464706,0.061,4.25,10220.219,90,charge,4,2010.0
4.205210163119158,0.061902585225667654,6.525908034227833,0.06,4.25,10226.031,90,charge,4,2010.0
4.205268418197467,0.061643304334997165,6.525509174048418,0.06,4.25,10231.844,90,charge,4,2010.0
4.204878723290145,0.06044928885781613,6.532823085842699,0.06,4.25,10237.688,90,charge,4,2010.0
4.205215102636943,0.06149115222096714,6.549352991789512,0.06,4.25,10243.563,90,charge,4,2010.0
4.205177187482492,0.060114684801625726,6.562983772003009,0.061,4.25,10249.359,90,charge,4,2010.0
4.205107813650094,0.06253744325108682,6.562663967652932,0.061,4.25,10255.156,90,charge,4,2010.0
4.2049805790050545,0.06064161165439544,6.569475341575516,0.061,4.25,10261.016,90,charge,4,2010.0
4.205152308597085,0.059857833884765545,6.568011406228961,0.06,4.25,10266.859,90,charge,4,2010.0
4.2051115046580065,0.06242595452634864,6.582295869400464,0.06,4.25,10272.703,90,charge,4,2010.0
4.20537443132529,0.060487749849125055,6.580851343872316,0.061,4.25,10278.5,90,charge,4,2010.0
4.205213484106576,0.0603772255011611,6.569898666665792,0.06,4.25,10284.297,90,charge,4,2010.0
4.205381378437508,0.059298459288262384,6.566754806804533,0.06,4.25,10290.156,90,charge,4,2010.0
4.2054541071560765,0.062194468283226896,6.578224793042848,0.06,4.25,10296.031,90,charge,4,2010.0
4.205432487237852,0.06043717031600632,6.576204627870846,0.06,4.25,10301.844,90,charge,4,2010.0
4.205427440692051,0.06100391871555864,6.6025334095692125,0.06,4.25,10307.625,90,charge,4,2010.0
4.205257229743734,0.06099039126355921,6.6075116361588995,0.06,4.25,10313.484,90,charge,4,2010.0
4.2054400333299,0.060416662915430595,6.614418771208316,0.06,4.25,10319.359,90,charge,4,2010.0
4.205438996836309,0.06463104941201246,6.619546031175326,0.06,4.25,10325.156,90,charge,4,2010.0
4.205349055504779,0.06149483247231912,6.609844378681399,0.06,4.25,10330.953,90,charge,4,2010.0
4.205368739442623,0.06085636926364811,6.62493338880796,0.06,4.25,10336.813,90,charge,4,2010.0
4.2053533272590595,0.06046448935776638,6.629609483908922,0.06,4.25,10342.672,90,charge,4,2010.0
4.205371062441739,0.06248787239133236,6.640635419705471,0.06,4.25,10348.469,90,charge,4,2010.0
4.205431105364874,0.05777123308344197,6.643010571169435,0.06,4.25,10354.531,90,charge,4,2010.0
4.2052451881182105,0.06023606470345534,6.650969173396062,0.06,4.25,10360.344,90,charge,4,2010.0
4.205245812679475,0.06004858075846713,6.6520100304910725,0.06,4.25,10366.234,90,charge,4,2010.0
4.205319669496017,0.0594027120766712,6.653646634306118,0.06,4.25,10372.094,90,charge,4,2010.0
4.205554363095337,0.062274986574388305,6.67017704932257,0.06,4.25,10377.922,90,charge,4,2010.0
4.205510228616391,0.05964998977141104,6.673679423856853,0.06,4.25,10383.828,90,charge,4,2010.0
4.205489811956208,0.059653176430718935,6.667494138631683,0.06,4.25,10389.703,90,charge,4,2010.0
4.205308566180211,0.05897131270401701,6.672066916191857,0.06,4.25,10395.531,90,charge,4,2010.0
4.205343896523396,0.061396668140653234,6.681420667865332,0.06,4.25,10401.422,90,charge,4,2010.0
4.205664436946495,0.05954298836764489,6.696103021662828,0.06,4.25,10407.297,90,charge,4,2010.0
4.205370478431228,0.05948051983337844,6.690911665668461,0.06,4.25,10413.125,90,charge,4,2010.0
4.205387292232112,0.06011623137259166,6.68778856522481,0.06,4.25,10419.031,90,charge,4,2010.0
4.205605030169875,0.060059792537794136,6.696895073338073,0.06,4.25,10424.906,90,charge,4,2010.0
4.205466785451967,0.06027278729501623,6.710656352954068,0.06,4.25,10430.734,90,charge,4,2010.0
4.205568858018642,0.06404799598407697,6.708713754967704,0.06,4.25,10436.625,90,charge,4,2010.0
4.205428131579316,0.05782899346579578,6.712129910879067,0.06,4.25,10442.484,90,charge,4,2010.0
4.205606935261719,0.06395353268083681,6.721156138010008,0.06,4.25,10448.313,90,charge,4,2010.0
4.205547083510397,0.06427815420822405,6.726825754044008,0.06,4.25,10454.203,90,charge,4,2010.0
4.205779785670722,0.06090643241835729,6.735572755447192,0.06,4.25,10460.078,90,charge,4,2010.0
4.205440928654124,0.05858113144027294,6.736763585144637,0.06,4.25,10465.906,90,charge,4,2010.0
4.20570424853714,0.06278935044452597,6.740636947410126,0.06,4.25,10471.797,90,charge,4,2010.0
4.205667429021367,0.06070774221188738,6.752948055803885,0.06,4.25,10477.656,90,charge,4,2010.0
4.2057273063935945,0.06002043860731586,6.757086064054124,0.06,4.25,10483.484,90,charge,4,2010.0
4.205405819090914,0.05819927319555879,6.7552839856274804,0.06,4.25,10489.375,90,charge,4,2010.0
4.205804933693114,0.05875257374120845,6.75641297353149,0.06,4.25,10495.25,90,charge,4,2010.0
4.205539450765237,0.06074120679511222,6.766710512051724,0.06,4.25,10501.078,90,charge,4,2010.0
4.205800855641332,0.06366535712158963,6.77607835890954,0.06,4.25,10506.938,90,charge,4,2010.0
4.205703798159235,0.06272442304181645,6.786975454693306,0.06,4.25,10512.813,90,charge,4,2010.0
4.205849621012183,0.058997399303263295,6.78517748334217,0.06,4.25,10518.641,90,charge,4,2010.0
4.205980474002723,0.06019093024080477,6.798081461763672,0.06,4.25,10524.516,90,charge,4,2010.0
4.205680507082523,0.06187764128912915,6.809121551600693,0.06,4.25,10530.391,90,charge,4,2010.0
4.20574481124968,0.05967539150048126,6.809963310227716,0.06,4.25,10536.188,90,charge,4,2010.0
4.2058366494039925,0.060459905510684864,6.815441172331838,0.06,4.25,10542.063,90,charge,4,2010.0
4.205594888016616,0.05764482944299461,6.811889134953232,0.06,4.25,10547.922,90,charge,4,2010.0
4.2058134630998545,0.0603797195023488,6.815242422459884,0.058,4.25,10553.75,90,charge,4,2010.0
4.205873552297213,0.05895221601605738,6.826554439759238,0.06,4.25,10559.625,90,charge,4,2010.0
4.205733282490861,0.05932981166014751,6.821914892584639,0.058,4.25,10565.484,90,charge,4,2010.0
4.20581519910377,0.05918573090102418,6.8301277233741695,0.058,4.25,10571.297,90,charge,4,2010.0
4.2058155413274365,0.05810116549085171,6.85286948757056,0.058,4.25,10577.172,90,charge,4,2010.0
4.205912508651783,0.05882821808840313,6.853971090907125,0.058,4.25,10583.078,90,charge,4,2010.0
4.205942977417692,0.05744811761984142,6.855573080689891,0.058,4.25,10588.891,90,charge,4,2010.0
4.205869973317655,0.060592889613003915,6.852462228107203,0.058,4.25,10594.766,90,charge,4,2010.0
4.205819029228995,0.06105391174365025,6.826682274306978,0.058,4.25,10600.625,90,charge,4,2010.0
4.206053883854807,0.05944381629653803,6.7954379568887155,0.058,4.25,10606.438,90,charge,4,2010.0
4.205978420497746,0.05798642815262716,6.721015808775398,0.058,4.25,10612.313,90,charge,4,2010.0
4.205729865832403,0.05826222174794505,6.48276147811176,0.058,4.25,10618.188,90,charge,4,2010.0
4.205836342975688,0.058433751586914724,6.16393366117094,0.058,4.25,10624.0,90,charge,4,2010.0
4.2059814653758245,0.06039006016123147,5.957008974660791,0.058,4.25,10629.875,90,charge,4,2010.0
4.205980501197291,0.059345414347044496,5.842655980378761,0.058,4.25,10635.734,90,charge,4,2010.0
4.206091814124582,0.05832410867764834,5.731988848089838,0.058,4.25,10641.563,90,charge,4,2010.0
4.205968608959503,0.06053279239345873,5.672563317864724,0.058,4.25,10647.422,90,charge,4,2010.0
4.206102379087296,0.05770421265516516,5.581525792537663,0.058,4.25,10653.297,90,charge,4,2010.0
4.206208899441989,0.05886200432233893,5.51351034232338,0.058,4.25,10659.094,90,charge,4,2010.0
4.206123066258013,0.05719994288317764,5.426842204761298,0.058,4.25,10664.969,90,charge,4,2010.0
4.206349446113656,0.058610478222611076,5.347358308708191,0.058,4.25,10670.828,90,charge,4,2010.0
4.206025830032344,0.05926304134338628,5.210063313909836,0.058,4.25,10676.641,90,charge,4,2010.0
4.2061997848766195,0.05918315436256186,5.149303796667884,0.058,4.25,10682.453,90,charge,4,2010.0
4.206293356191783,0.05820057142140561,5.068177160305525,0.058,4.25,10688.313,90,charge,4,2010.0
4.2061767678889215,0.05886860338077414,5.017111026425594,0.058,4.25,10694.188,90,charge,4,2010.0
4.206349990457915,0.059491282447304235,4.9495266832808005,0.058,4.25,10699.984,90,charge,4,2010.0
4.2061916307334135,0.06031144624465024,4.869283965598452,0.058,4.25,10705.859,90,charge,4,2010.0
4.206252570651534,0.05923550565044751,4.762383378196461,0.058,4.25,10711.734,90,charge,4,2010.0
4.20633737701453,0.058181712286683965,4.798078295033067,0.058,4.25,10717.547,90,charge,4,2010.0
4.20657103890156,0.05835229320147027,4.72529848511433,0.058,4.25,10723.344,90,charge,4,2010.0
4.205028002852383,0.05005997921582344,4.680267287995833,0.049,4.245,10729.25,90,charge,4,2010.0
4.204959772121693,0.04831258779742096,4.607456440942491,0.05,4.245,10735.125,90,charge,4,2010.0
4.204880806861439,0.049715310593985915,4.566129095080399,0.05,4.245,10741.0,90,charge,4,2010.0
4.204809160325618,0.05105802846015634,4.426861018795529,0.05,4.245,10746.875,90,charge,4,2010.0
4.204721038277867,0.05136259540235432,4.3603947696852225,0.05,4.245,10752.672,90,charge,4,2010.0
4.205004235312875,0.05085213774636754,4.296585771410891,0.05,4.245,10758.547,90,charge,4,2010.0
4.204790112168844,0.04914136925503491,4.269483730407311,0.05,4.245,10764.422,90,charge,4,2010.0
4.20487596268432,0.05112703185594183,4.255240305909898,0.05,4.245,10770.234,90,charge,4,2010.0
4.205020911052953,0.050531183939242455,4.215647559488853,0.05,4.245,10776.109,90,charge,4,2010.0
4.204896713178103,0.05212867805268632,4.131663281273809,0.05,4.245,10781.969,90,charge,4,2010.0
4.204718328528806,0.05191581551120354,4.044335442361884,0.05,4.245,10787.766,90,charge,4,2010.0
4.205026882178881,0.04952917660909223,4.046193613231373,0.05,4.245,10793.578,90,charge,4,2010.0
4.204943378760285,0.04946760008567324,3.9876002022644093,0.049,4.245,10799.438,90,charge,4,2010.0
4.205038780763573,0.05010874002895844,3.9393550313489816,0.049,4.245,10805.313,90,charge,4,2010.0
